
867 
UZNT13 KWBC 072209
XXAA  57222 99220 70962 08226 99006 27826 33519 00055 27429 33521
92742 22834 34520 85477 18630 34519 70127 12056 34015 50587 03162
33526 40759 14758 30525 30972 26975 27030 25100 38359 25528 20250
499// 26025 88999 77999
31313 09608 82151
61616 NOAA9 0409A ISAIAS       OB 13
62626 MBL WND 33523 AEV 40006 DLM WND 31516 005164 WL150 33021 08
1 REL 2198N09616W 215157 SPG 2193N09611W 220607 =
XXBB  57228 99220 70962 08226 00006 27826 11973 25007 22919 22641
33850 18630 44685 11456 55598 04845 66546 01107 77536 00936 88526
02125 99508 02166 11498 03362 22490 03967 33483 05164 44477 06338
55462 08319 66451 09356 77448 09560 88440 10562 99424 12757 11418
12564 22412 13363 33409 13373 44402 14358 55384 16760 66377 17957
77372 18311 88362 19312 99355 19745 11348 19976 22337 21378 33297
27370 44258 36163 55243 40157 66210 47566 77191 521//
21212 00006 33519 11984 33520 22968 33525 33942 34521 44850 34519
55761 33013 66604 35510 77572 34519 88529 36019 99517 33521 11443
31028 22388 31023 33356 29011 44350 27014 55338 26022 66309 27034
77240 25029 88189 27021 99164 25022
31313 09608 82151
61616 NOAA9 0409A ISAIAS       OB 13
62626 MBL WND 33523 AEV 40006 DLM WND 31516 005164 WL150 33021 08
1 REL 2198N09616W 215157 SPG 2193N09611W 220607 =

