
862 
UZNT13 KWBC 091721
XXAA  59178 99278 70875 08177 99991 27220 28543 00583 ///// /////
92606 22801 31061 85343 19600 30550 88999 77999
31313 09608 81706
61616 NOAA3 1309A ISAIAS       OB 15
62626 MBL WND 29561 AEV 40101 DLM WND 30051 990764 WL150 29057 08
2 REL 2775N08750W 170707 SPG 2773N08746W 171030 =
XXBB  59178 99278 70875 08177 00991 27220 11950 24002 22850 19600
33815 19621 44759 17223
21212 00991 28543 11989 28544 22987 28059 33979 29554 44971 29570
55957 30059 66930 30566 77919 31556 88896 31054 99888 31557 11866
31049 22856 30554 33850 30550 44764 27548
31313 09608 81706
61616 NOAA3 1309A ISAIAS       OB 15
62626 MBL WND 29561 AEV 40101 DLM WND 30051 990764 WL150 29057 08
2 REL 2775N08750W 170707 SPG 2773N08746W 171030 =

