
417 
UZNT13 KWBC 090718
XXAA  59078 99258 70866 08156 99002 28830 17024 00017 28830 17026
92707 23439 18552 85441 19256 19055 88999 77999
31313 09608 80709
61616 NOAA3 1109A ISAIAS       OB 21
62626 MBL WND 17040 AEV 40101 DLM WND 18550 001762 WL150 16534 08
1 REL 2581N08660W 070915 SPG 2585N08660W 071234 =
XXBB  59078 99258 70866 08156 00002 28830 11946 24008 22927 23639
33872 20230 44850 19256 55758 14657
21212 00002 17024 11996 16035 22991 16533 33978 17045 44967 17541
55943 18042 66936 18550 77931 18552 88850 19055 99762 19058
31313 09608 80709
61616 NOAA3 1109A ISAIAS       OB 21
62626 MBL WND 17040 AEV 40101 DLM WND 18550 001762 WL150 16534 08
1 REL 2581N08660W 070915 SPG 2585N08660W 071234 =

