
377 
UZNT13 KNHC 091431
XXAA  59148 99275 70872 08177 99966 27006 13067 00807 ///// /////
92385 24202 14110 85127 22225 16610 70808 ///// 88999 77999
31313 09608 81420
61616 AF309 1209A ISAIAS             OB 43
62626 EYEWALL 090 MBL WND 13597 AEV 40100 DLM WND 16099 966720 WL
150 12589 079 REL 2750N08717W 142042 SPG 2761N08721W 142452 =
XXBB  59148 99275 70872 08177 00966 27006 11890 22803 22883 24635
33877 22204 44872 23632 55850 22225 66787 20029 77778 21657 88716
17050 99705 17457
21212 00966 13067 11965 12569 22963 12082 33957 12594 44950 13096
55946 13102 66942 13597 77931 14096 88926 14111 99919 14604 11913
15106 22900 15100 33880 15603 44872 16612 55850 16610 66720 18096
31313 09608 81420
61616 AF309 1209A ISAIAS             OB 43
62626 EYEWALL 090 MBL WND 13597 AEV 40100 DLM WND 16099 966720 WL
150 12589 079 REL 2750N08717W 142042 SPG 2761N08721W 142452 =
;

