
470 
UZNT13 KWBC 071932
XXAA  57192 99262 70845 08164 99009 25613 19509 00076 25420 22012
92762 21807 26018 85493 17007 26022 70132 09003 23018 50586 04704
24517 40758 13315 24518 30972 27567 24515 25100 375// 29013 88999
77999
31313 09608 81916
61616 NOAA9 0409A ISAIAS       OB 01
62626 MBL WND 24013 AEV 40006 DLM WND 25016 008218 WL150 22011 08
1 REL 2623N08448W 191617 SPG 2624N08443W 192836 =
XXBB  57198 99262 70845 08164 00009 25613 11850 17007 22617 04400
33502 04500 44467 07720 55453 08550 66423 11118 77358 17723 88331
22334 99323 23558 11314 25157 22310 25560 33297 27969 44266 34169
55257 36159 66222 445//
21212 00009 19509 11983 25512 22907 25519 33867 25014 44850 26022
55739 23018 66630 24516 77615 26014 88592 24017 99471 25020 11455
27023 22436 28021 33429 27511 44427 26011 55424 24512 66391 24519
77357 22513 88323 25513 99310 24014 11283 25016 22277 27016 33250
29013 44218 27520
31313 09608 81916
61616 NOAA9 0409A ISAIAS       OB 01
62626 MBL WND 24013 AEV 40006 DLM WND 25016 008218 WL150 22011 08
1 REL 2623N08448W 191617 SPG 2624N08443W 192836 =

