
044 
UZNT13 KWBC 082151
XXAA  58222 99242 70880 08148 99000 28043 16545 00504 ///// /////
92686 25056 17550 85424 19022 18052 70073 11235 19049 50581 03562
18553 40754 13766 20052 30968 25929 23041 25097 35957 21028 20248
491// 19022 88999 77999
31313 09608 82132
61616 NOAA9 0909A ISAIAS       OB 23
62626 MBL WND 16551 AEV 40006 DLM WND 19045 999156 WL150 16549 08
1 REL 2423N08796W 213210 SPG 2439N08793W 214622 =
XXBB  58228 99242 70880 08148 00000 28043 11975 26030 22936 26057
33850 19022 44814 16210 55728 13445 66668 08022 77633 06836 88595
02402 99571 02458 11541 00758 22528 02347 33517 03150 44502 03362
55491 04359 66485 04365 77480 05161 88446 07168 99430 09763 11420
10569 22401 13765 33392 13575 44378 15337 55371 16128 66315 23911
77300 26129 88261 33735 99248 36157 11203 48163 22191 519//
21212 00000 16545 11996 16545 22991 16551 33977 16550 44968 16555
55936 17549 66850 18052 77638 19551 88512 18555 99402 20053 11344
20040 22301 23041 33199 19021 44191 19518 55184 22014 66181 23515
77156 24534
31313 09608 82132
61616 NOAA9 0909A ISAIAS       OB 23
62626 MBL WND 16551 AEV 40006 DLM WND 19045 999156 WL150 16549 08
1 REL 2423N08796W 213210 SPG 2439N08793W 214622 =

