
875 
UZNT13 KWBC 091605
XXAA  59168 99285 70855 08185 99006 26826 12032 00050 26425 12034
92737 22419 14545 85471 17807 16051 88999 77999
31313 09608 81540
61616 NOAA3 1309A ISAIAS       OB 02
62626 MBL WND 13039 AEV 40101 DLM WND 15045 005764 WL150 12035 08
1 REL 2848N08550W 154046 SPG 2852N08552W 154351 =
XXBB  59168 99285 70855 08185 00006 26826 11932 22611 22905 22650
33850 17807 44806 15605 55794 15627 66759 13002
21212 00006 12032 11951 14046 22939 14043 33914 15048 44892 15546
55850 16051 66764 16550
31313 09608 81540
61616 NOAA3 1309A ISAIAS       OB 02
62626 MBL WND 13039 AEV 40101 DLM WND 15045 005764 WL150 12035 08
1 REL 2848N08550W 154046 SPG 2852N08552W 154351 =

