
830 
UZNT13 KNHC 091920
XXAA  59198 99284 70871 08187 99970 27625 24551 00769 ///// /////
92429 32062 24079 85187 30265 23590 70890 ///// 88999 77999
31313 09608 81848
61616 AF301 1409A ISAIAS             OB 15
62626 MXWNDBND MBL WND 24573 AEV 40100 DLM WND 24090 970713 WL150
 25063 078 REL 2840N08706W 184820 SPG 2844N08698W 185137 =
XXBB  59198 99284 70871 08187 00970 27625 11963 28041 22951 31860
33941 30859 44923 32263 55888 29060 66872 30063 77865 28461 88857
31066 99850 30265 11833 29065 22823 30069 33708 18462
21212 00970 24551 11966 24562 22961 25062 33955 25073 44947 25076
55942 24572 66938 24079 77926 24078 88920 24587 99902 24583 11899
24587 22894 24581 33886 24582 44877 24589 55867 24584 66863 24092
77854 23588 88850 23590 99713 24104
31313 09608 81848
61616 AF301 1409A ISAIAS             OB 15
62626 MXWNDBND MBL WND 24573 AEV 40100 DLM WND 24090 970713 WL150
 25063 078 REL 2840N08706W 184820 SPG 2844N08698W 185137 =
;

