
525 
UZNT13 KWBC 092019
XXAA  59208 99289 70851 08185 99004 28030 14040 00039 27632 14043
92726 22005 16050 85460 19850 18055 88999 77999
31313 09608 81958
61616 NOAA3 1309A ISAIAS       OB 37
62626 MBL WND 14546 AEV 40101 DLM WND 17051 004764 WL150 14043 08
1 REL 2889N08510W 195846 SPG 2893N08511W 200159 =
XXBB  59208 99289 70851 08185 00004 28030 11919 21802 22866 19213
33850 19850 44760 13224
21212 00004 14040 11990 14545 22975 14044 33969 14550 44962 15048
55952 15051 66926 16049 77920 16054 88913 16052 99904 17055 11850
18055 22764 18557
31313 09608 81958
61616 NOAA3 1309A ISAIAS       OB 37
62626 MBL WND 14546 AEV 40101 DLM WND 17051 004764 WL150 14043 08
1 REL 2889N08510W 195846 SPG 2893N08511W 200159 =

