
282 
UZNT13 KWBC 081826
XXAA  58182 99289 70865 08186 99010 26024 09017 00092 25020 10018
92774 21229 11521 85504 18042 11023 70141 07830 05515 50584 06306
19512 40756 14918 18525 30968 28936 20045 25096 39340 20547 20245
513// 22070 88999 66179 21574 409//
31313 09608 81808
61616 NOAA9 0909A ISAIAS       OB 01
62626 MBL WND 10020 AEV 40006 DLM WND 17014 010179 WL150 10018 08
1 REL 2892N08647W 180801 SPG 2899N08648W 182203 =
XXBB  58188 99289 70865 08186 00010 26024 11971 22810 22850 18042
33702 08029 44677 06849 55629 01606 66540 02905 77409 13921 88316
26134 99277 33140 11225 44956 22191 533//
21212 00010 09017 11952 10523 22909 11520 33850 11023 44800 11511
55778 09513 66762 10018 77736 08520 88702 06015 99678 02014 11622
03010 22611 05511 33598 04012 44593 07013 55570 10014 66549 10510
77504 20010 88473 19010 99455 24013 11443 20006 22415 18014 33359
19041 44250 20547 55179 21574
31313 09608 81808
61616 NOAA9 0909A ISAIAS       OB 01
62626 MBL WND 10020 AEV 40006 DLM WND 17014 010179 WL150 10018 08
1 REL 2892N08647W 180801 SPG 2899N08648W 182203 =

