
499 
UZNT13 KWBC 091902
XXAA  59188 99288 70873 08187 99975 25204 36082 00724 ///// /////
92462 22614 02099 85195 18204 03101 88999 77999
31313 09608 81825
61616 NOAA3 1309A ISAIAS       OB 28
62626 EYEWALL 315 MBL WND 00600 AEV 40101 DLM WND 03100 974746 WL
150 36094 081 REL 2880N08729W 182541 SPG 2873N08733W 182823 =
XXBB  59188 99288 70873 08187 00975 25204 11850 18204 22743 14400
21212 00975 36082 11971 00591 22964 35595 33958 00105 44947 01108
55939 01100 66934 01105 77924 02098 88916 02100 99907 02612 11890
02602 22881 03106 33873 03099 44850 03101 55782 05618 66759 05596
77746 06612
31313 09608 81825
61616 NOAA3 1309A ISAIAS       OB 28
62626 EYEWALL 315 MBL WND 00600 AEV 40101 DLM WND 03100 974746 WL
150 36094 081 REL 2880N08729W 182541 SPG 2873N08733W 182823 =

