
980 
UZNT13 KNHC 091332
XXAA  59138 99269 70876 08167 99982 27618 24047 00659 ///// /////
92532 23202 27075 85271 21622 27062 70943 ///// 88999 77999
31313 09608 81310
61616 AF309 1209A ISAIAS             OB 37
62626 EYEWALL 180 MBL WND 26063 AEV 40100 DLM WND 26065 981710 WL
150 25054 083 REL 2688N08756W 131049 SPG 2689N08749W 131434 =
XXBB  59138 99269 70876 08167 00982 27618 11929 23202 22870 21007
33850 21622 44825 22041 55791 18821 66748 18247 77703 14621
21212 00982 24047 11981 23544 22978 24556 33972 25552 44961 25063
55955 26558 66946 26576 77942 26573 88918 27577 99902 27576 11886
27068 22869 27570 33850 27062 44710 24568
31313 09608 81310
61616 AF309 1209A ISAIAS             OB 37
62626 EYEWALL 180 MBL WND 26063 AEV 40100 DLM WND 26065 981710 WL
150 25054 083 REL 2688N08756W 131049 SPG 2689N08749W 131434 =
;

