
029 
UZNT13 KNHC 080331
XXAA  58038 99240 70931 08243 99006 28046 04023 00050 27646 04025
92737 23658 03526 85470 18245 03522 70113 ///// 88999 77999
31313 09608 80322
61616 AF301 0509A ISAIAS             OB 22
62626 MBL WND 04027 AEV 40100 DLM WND 03523 005706 WL150 04026 08
1 REL 2400N09310W 032302 SPG 2398N09311W 032654 =
XXBB  58038 99240 70931 08243 00006 28046 11947 23206 22926 23658
33911 23258 44850 18245 55782 15247 66727 10609 77702 10237
21212 00006 04023 11990 04028 22934 03528 33907 03522 44850 03522
55797 02521 66730 04021 77706 02520
31313 09608 80322
61616 AF301 0509A ISAIAS             OB 22
62626 MBL WND 04027 AEV 40100 DLM WND 03523 005706 WL150 04026 08
1 REL 2400N09310W 032302 SPG 2398N09311W 032654 =
;

