
042 
UZNT13 KWBC 080506
XXAA  58058 99237 70912 08231 99002 26414 ///// 00013 26413 /////
92699 21603 09039 85433 20030 12048 88999 77999
31313 09608 80455
61616 NOAA2 0609A ISAIAS       OB 03
62626 LST WND 019 MBL WND 06550 AEV 40101 DLM WND 10545 999762 WL
150 06049 093 REL 2373N09120W 045513 SPG 2374N09124W 045809 =
XXBB  58058 99237 70912 08231 00002 26414 11902 20203 22883 21230
33850 20030 44795 16444 55757 13818
21212 00002 ///// 11999 05542 22994 06049 33970 06054 44951 07550
55940 07040 66935 07543 77925 09039 88905 10046 99886 11044 11878
11550 22874 11548 33858 12054 44850 12048 55762 13060
31313 09608 80455
61616 NOAA2 0609A ISAIAS       OB 03
62626 LST WND 019 MBL WND 06550 AEV 40101 DLM WND 10545 999762 WL
150 06049 093 REL 2373N09120W 045513 SPG 2374N09124W 045809 =

