
968 
UZNT13 KNHC 090658
XXAA  59068 99260 70883 08168 99973 266// 09061 00746 ///// /////
92440 236// 11083 85178 21200 14051 70854 ///// 88999 77999
31313 09608 80624
61616 AF307 1009A ISAIAS             OB 12
62626 EYEWALL 045 MBL WND 10580 AEV 40100 DLM WND 12556 972709 WL
150 09573 081 REL 2598N08828W 062412 SPG 2602N08834W 062825 =
XXBB  59068 99260 70883 08168 00973 266// 11901 228// 22895 226//
33886 22001 44850 21200 55823 19400 66803 20829 77705 16235
21212 00973 09061 11962 10077 22956 10081 33946 10580 44940 11087
55935 11087 66926 11082 77920 12089 88914 11582 99909 12593 11899
12578 22896 12582 33892 12578 44890 13080 55884 13064 66878 13570
77869 12559 88861 13055 99854 13556 11850 14051 22709 14028
31313 09608 80624
61616 AF307 1009A ISAIAS             OB 12
62626 EYEWALL 045 MBL WND 10580 AEV 40100 DLM WND 12556 972709 WL
150 09573 081 REL 2598N08828W 062412 SPG 2602N08834W 062825 =
;

