
838 
UZNT13 KWBC 081759
XXAA  58188 99253 70908 08250 99006 26840 03021 00053 26439 03524
92736 20823 05026 85465 16020 05528 70098 ///// 88999 77999
31313 09608 81741
61616 NOAA3 0809A ISAIAS       OB 15
62626 MBL WND 03523 AEV 40101 DLM WND 05529 005707 WL150 03524 08
1 REL 2525N09080W 174133 SPG 2523N09083W 174533 =
XXBB  58188 99253 70908 08250 00006 26840 11935 21004 22900 19834
33850 16020 44793 12006 55768 11403 66754 12041 77703 11056
21212 00006 03021 11000 03524 22959 04022 33877 05529 44850 05528
55819 06535 66784 05041 77707 07030
31313 09608 81741
61616 NOAA3 0809A ISAIAS       OB 15
62626 MBL WND 03523 AEV 40101 DLM WND 05529 005707 WL150 03524 08
1 REL 2525N09080W 174133 SPG 2523N09083W 174533 =

