
521 
UZNT13 KWBC 071748
XXAA  57188 99213 70926 08212 99006 28836 21523 00050 28435 21524
92740 24025 24526 85478 20433 24527 70133 ///// 88999 77999
31313 09608 81736
61616 NOAA3 0309A ISAIAS       OB 07
62626 MBL WND 22526 AEV 40101 DLM WND 24026 005707 WL150 21525 08
1 REL 2126N09261W 173708 SPG 2127N09258W 174113 =
XXBB  57188 99213 70926 08212 00006 28836 11954 24609 22850 20433
33839 19212 44818 18833 55764 15214 66740 14240 77703 11623
21212 00006 21523 11991 21527 22945 24527 33850 24527 44707 23025
31313 09608 81736
61616 NOAA3 0309A ISAIAS       OB 07
62626 MBL WND 22526 AEV 40101 DLM WND 24026 005707 WL150 21525 08
1 REL 2126N09261W 173708 SPG 2127N09258W 174113 =

