
855 
UZNT13 KWBC 091658
XXAA  59168 99280 70887 08188 99002 25640 01544 00019 25640 01544
92701 20828 02061 85433 18622 02542 88999 77999
31313 09608 81623
61616 NOAA3 1309A ISAIAS       OB 11
62626 MBL WND 01554 AEV 40101 DLM WND 02046 001764 WL150 01049 08
2 REL 2796N08873W 162400 SPG 2792N08874W 162705 =
XXBB  59168 99280 70887 08188 00002 25640 11926 20828 22850 18622
33759 15450
21212 00002 01544 11996 01549 22972 01550 33968 01556 44959 01562
55935 01562 66905 02558 77887 02050 88850 02542 99764 01024
31313 09608 81623
61616 NOAA3 1309A ISAIAS       OB 11
62626 MBL WND 01554 AEV 40101 DLM WND 02046 001764 WL150 01049 08
2 REL 2796N08873W 162400 SPG 2792N08874W 162705 =

