
469 
UZNT13 KWBC 082107
XXAA  58212 99226 70875 08127 99005 29443 19521 00044 29040 20524
92735 23829 21032 85470 18618 21538 70117 09815 20539 50585 03560
23031 40758 14358 22025 30971 27171 23026 25099 37559 23028 20249
501// 21511 88999 77999
31313 09608 82049
61616 NOAA9 0909A ISAIAS       OB 18
62626 MBL WND 20025 AEV 40006 DLM WND 21530 004156 WL150 20024 08
1 REL 2256N08747W 204913 SPG 2266N08738W 210339 =
XXBB  58218 99226 70875 08127 00005 29443 11850 18618 22768 15037
33694 09407 44583 02257 55569 02663 66554 00859 77540 00270 88525
00964 99515 02549 11506 02761 22493 03957 33482 04760 44458 07956
55422 11562 66404 14157 77400 14358 88395 14372 99387 15575 11382
15971 22378 16558 33356 19182 44344 20968 55331 22787 66308 25573
77231 41358 88212 46947 99203 49356 11191 529//
21212 00005 19521 11998 20525 22978 20022 33937 21032 44886 22032
55850 21538 66648 20037 77545 21032 88501 23031 99465 22026 11445
23025 22410 21023 33387 23027 44356 23528 55343 21526 66270 23529
77199 21511 88189 22010 99161 27514 11156 30016
31313 09608 82049
61616 NOAA9 0909A ISAIAS       OB 18
62626 MBL WND 20025 AEV 40006 DLM WND 21530 004156 WL150 20024 08
1 REL 2256N08747W 204913 SPG 2266N08738W 210339 =

