
555 
UZNT13 KWBC 090613
XXAA  59068 99271 70895 08179 99004 26250 05542 00039 25650 06047
92722 22056 05552 85454 19456 05040 88999 77999
31313 09608 80601
61616 NOAA3 1109A ISAIAS       OB 14
62626 MBL WND 06050 AEV 40101 DLM WND 05043 004763 WL150 06047 08
1 REL 2708N08950W 060114 SPG 2706N08953W 060422 =
XXBB  59068 99271 70895 08179 00004 26250 11961 22431 22949 23257
33850 19456 44758 13422
21212 00004 05542 11995 06049 22990 06547 33976 06051 44969 06548
55963 06053 66947 05555 77906 05048 88881 05549 99850 05040 11763
04026
31313 09608 80601
61616 NOAA3 1109A ISAIAS       OB 14
62626 MBL WND 06050 AEV 40101 DLM WND 05043 004763 WL150 06047 08
1 REL 2708N08950W 060114 SPG 2706N08953W 060422 =

