
807 
UZNT13 KWBC 090454
XXAA  59058 99254 70887 08158 99977 25411 30081 00707 ///// /////
92481 24420 30078 85220 24856 29074 88999 77999
31313 09608 80438
61616 NOAA3 1109A ISAIAS       OB 04
62626 MXWNDBND MBL WND 30087 AEV 40101 DLM WND 30077 976766 WL150
 30092 078 REL 2542N08867W 043825 SPG 2540N08862W 044102 =
XXBB  59058 99254 70887 08158 00977 25411 11946 23205 22941 24417
33923 24421 44857 21418 55850 24856 66849 24857 77795 23458 88761
20456
21212 00977 30081 11970 30094 22959 30592 33955 30096 44951 30093
55948 30095 66939 30078 77927 30079 88919 29571 99908 29569 11903
29572 22897 30065 33892 30574 44883 31069 55878 30575 66868 30552
77863 30568 88855 29567 99850 29074 11766 29582
31313 09608 80438
61616 NOAA3 1109A ISAIAS       OB 04
62626 MXWNDBND MBL WND 30087 AEV 40101 DLM WND 30077 976766 WL150
 30092 078 REL 2542N08867W 043825 SPG 2540N08862W 044102 =

