
312 
UZNT13 KWBC 081555
XXAA  58168 99246 70896 08149 99003 27429 07518 00030 27029 07518
92716 21801 12525 85450 18202 14531 88999 77999
31313 09608 81547
61616 NOAA3 0809A ISAIAS       OB 02
62626 MBL WND 08518 AEV 40101 DLM WND 12526 003763 WL150 08018 08
1 REL 2459N08956W 154728 SPG 2461N08958W 155042 =
XXBB  58168 99246 70896 08149 00003 27429 11952 23002 22850 18202
33760 13600
21212 00003 07518 11961 08515 22952 10516 33945 11022 44924 13025
55907 12527 66901 13034 77896 13032 88884 13538 99875 14033 11850
14531 22810 12531 33763 13034
31313 09608 81547
61616 NOAA3 0809A ISAIAS       OB 02
62626 MBL WND 08518 AEV 40101 DLM WND 12526 003763 WL150 08018 08
1 REL 2459N08956W 154728 SPG 2461N08958W 155042 =

