
261 
UZNT13 KWBC 081920
XXAA  58192 99267 70920 08262 99006 26019 07016 00053 25219 06517
92737 21408 05527 85468 17602 05528 70111 10200 04526 50584 05759
33018 40756 16545 25517 30968 27985 26033 25096 38377 22531 20245
513// 22037 88999 77999
31313 09608 81901
61616 NOAA9 0909A ISAIAS       OB 06
62626 MBL WND 06520 AEV 40006 DLM WND 03007 005171 WL150 06517 08
0 REL 2669N09196W 190109 SPG 2667N09196W 191534 =
XXBB  58198 99267 70920 08262 00006 26019 11966 22807 22850 17602
33684 09000 44670 08441 55642 05827 66624 05857 77590 02032 88563
00647 99557 01058 11504 05750 22497 05560 33489 06560 44480 06534
55466 07338 66436 11709 77395 17156 88391 17560 99384 18359 11380
16962 22372 18170 33351 22360 44347 21338 55336 22557 66330 22783
77280 31582 88220 45772 99191 535//
21212 00006 07016 11980 06517 22953 06027 33850 05528 44619 04529
55600 04021 66568 07522 77545 07515 88538 03017 99528 00517 11509
36014 22501 33017 33488 33527 44450 00510 55439 24504 66430 26510
77420 25012 88391 25022 99382 27022 11371 26027 22352 26026 33347
23021 44338 22524 55333 22524 66329 24524 77304 26534 88250 22531
99171 22537
31313 09608 81901
61616 NOAA9 0909A ISAIAS       OB 06
62626 MBL WND 06520 AEV 40006 DLM WND 03007 005171 WL150 06517 08
0 REL 2669N09196W 190109 SPG 2667N09196W 191534 =

