
262 
UZNT13 KNHC 091122
XXAA  59118 99266 70875 08167 99966 26611 15575 00808 ///// /////
92383 23802 17583 85124 21202 19079 70802 16240 88999 77999
31313 09608 81054
61616 AF309 1209A ISAIAS             OB 19
62626 EYEWALL 135 MBL WND 16584 AEV 40100 DLM WND 19085 965700 WL
150 16085 083 REL 2661N08754W 105427 SPG 2671N08752W 105829 =
XXBB  59118 99266 70875 08167 00966 26611 11850 21202 22779 19223
33774 20450 44698 16241
21212 00966 15575 11965 16071 22961 15085 33952 16591 44948 17086
55935 17082 66918 17583 77912 17588 88902 17585 99899 17578 11850
19079 22798 19577 33773 20101 44700 21605
31313 09608 81054
61616 AF309 1209A ISAIAS             OB 19
62626 EYEWALL 135 MBL WND 16584 AEV 40100 DLM WND 19085 965700 WL
150 16085 083 REL 2661N08754W 105427 SPG 2671N08752W 105829 =
;

