
593 
UZNT13 KNHC 091734
XXAA  59178 99284 70874 08187 99976 25405 35594 00711 ///// /////
92477 23820 00611 85217 20412 01598 70885 ///// 88999 77999
31313 09608 81723
61616 AF301 1409A ISAIAS             OB 04
62626 EYEWALL 270 MBL WND 00609 AEV 40100 DLM WND 02090 975709 WL
150 00103 083 REL 2837N08745W 172359 SPG 2830N08748W 172713 =
XXBB  59178 99284 70874 08187 00976 25405 11875 21616 22864 22629
33850 20412 44819 20628 55766 16601
21212 00976 35594 11973 35590 22972 00592 33970 00602 44965 00109
55942 00612 66923 00611 77913 01106 88890 01606 99883 01602 11873
01604 22865 01090 33850 01598 44777 03086 55755 03568 66709 04070
31313 09608 81723
61616 AF301 1409A ISAIAS             OB 04
62626 EYEWALL 270 MBL WND 00609 AEV 40100 DLM WND 02090 975709 WL
150 00103 083 REL 2837N08745W 172359 SPG 2830N08748W 172713 =
;

