
774 
UZNT13 KWBC 072038
XXAA  57202 99240 70884 08148 99007 28832 27508 00063 28231 26007
92753 22602 22513 85488 18822 20514 70133 10233 20018 50586 04338
18512 40759 13362 20016 30972 27533 18510 25100 37738 22510 20250
509// 24021 88999 77999
31313 09608 82018
61616 NOAA9 0409A ISAIAS       OB 07
62626 MBL WND 23012 AEV 40006 DLM WND 20513 006171 WL150 25008 08
1 REL 2400N08843W 201836 SPG 2406N08841W 203230 =
XXBB  57208 99240 70884 08148 00007 28832 11924 22602 22916 22423
33850 18822 44832 17409 55801 16456 66790 15423 77743 12431 88737
12011 99681 09049 11650 06430 22629 05050 33622 04418 44612 04250
55599 03228 66557 01044 77470 06944 88454 09321 99447 10127 11441
09958 22435 10531 33425 11368 44420 11767 55414 12550 66401 13363
77394 14356 88390 14359 99373 16558 11366 17745 22357 19156 33348
20332 44296 28333 55219 45549 66190 531//
21212 00007 27508 11998 25007 22991 22514 33977 22515 44850 20514
55710 20518 66683 18519 77621 18015 88580 16011 99558 18012 11521
17508 22473 20017 33445 19012 44429 20513 55372 19022 66349 19017
77340 18017 88329 19014 99319 17011 11256 21010 22248 23011 33238
22508 44230 24010 55200 24021 66186 28025 77178 27027 88171 29033
31313 09608 82018
61616 NOAA9 0409A ISAIAS       OB 07
62626 MBL WND 23012 AEV 40006 DLM WND 20513 006171 WL150 25008 08
1 REL 2400N08843W 201836 SPG 2406N08841W 203230 =

