
439 
UZNT13 KWBC 072105
XXAA  57212 99257 70903 08250 99008 26218 17505 00069 25615 18504
92753 21628 32503 85486 19250 26002 70131 09650 11510 50585 04508
20006 40758 14318 15509 30970 28130 17514 25098 38135 20523 20248
509// 22034 88999 77999
31313 09608 82045
61616 NOAA9 0409A ISAIAS       OB 09
62626 MBL WND 26501 AEV 40006 DLM WND 19008 007171 WL150 19003 08
1 REL 2570N09034W 204545 SPG 2573N09034W 205856 =
XXBB  57218 99257 70903 08250 00008 26218 11915 21025 22850 19250
33782 16058 44633 03421 55524 02704 66444 09116 77320 24727 88255
36932 99218 45756 11191 533//
21212 00008 17505 11990 27001 22850 26002 33722 16001 44681 13010
55631 16518 66606 12515 77588 15012 88468 24502 99379 15510 11338
16012 22318 19012 33290 17017 44239 21520 55171 23040
31313 09608 82045
61616 NOAA9 0409A ISAIAS       OB 09
62626 MBL WND 26501 AEV 40006 DLM WND 19008 007171 WL150 19003 08
1 REL 2570N09034W 204545 SPG 2573N09034W 205856 =

