
781 
UZNT13 KWBC 070014
XXAA  57001 99280 70898 08189 99010 26828 05518 00087 26024 04517
92771 21826 03011 85503 18632 35509 70146 09440 27503 50587 06957
31020 40759 14715 23526 30971 28927 24029 25099 38940 25017 20247
52349 27037 15426 ///// 28554 88999 77999
31313 09608 82354
61616 NOAA9 01BBA SURV         OB 30
62626 MBL WND 04517 AEV 40006 DLM WND 28011 009149 WL150 04517 08
1 REL 2800N08982W 235448 SPG 2800N08975W 000927 =
XXBB  57008 99280 70898 08189 00010 26828 11947 22619 22891 19821
33870 19850 44850 18632 55803 15850 66792 14811 77770 13211 88748
13659 99732 12658 11697 09235 22652 06057 33641 05025 44603 02213
55589 03058 66579 02660 77559 00456 88551 00160 99544 00958 11535
01371 22523 02566 33492 08350 44480 09122 55469 07903 66427 11525
77372 18306 88355 20137 99311 26930 11262 36137 22198 52750 33190
549//
21212 00010 05518 11963 04517 22911 02010 33882 34506 44850 35509
55800 33511 66766 35510 77601 00000 88530 33016 99483 31015 11476
29013 22472 26011 33467 25010 44433 26016 55425 24019 66412 23525
77361 24530 88328 23022 99280 25033 11248 25016 22161 28060 33149
28552
31313 09608 82354
61616 NOAA9 01BBA SURV         OB 30
62626 MBL WND 04517 AEV 40006 DLM WND 28011 009149 WL150 04517 08
1 REL 2800N08982W 235448 SPG 2800N08975W 000927 =

