
312 
UZNT13 KWBC 091746
XXAA  59178 99285 70871 08187 99975 26400 05579 00723 ///// /////
92466 22800 07108 85203 20200 10104 88999 77999
31313 09608 81719
61616 NOAA3 1309A ISAIAS       OB 18
62626 EYEWALL 045 MBL WND 06095 AEV 40101 DLM WND 09596 975742 WL
150 05587 080 REL 2856N08706W 171941 SPG 2856N08715W 172240 =
XXBB  59178 99285 70871 08187 00975 26400 11918 22400 22850 20200
33738 15200
21212 00975 05579 11966 05592 22960 06088 33943 06099 44934 06598
55925 07108 66917 07107 77909 07595 88904 07606 99899 07606 11893
07617 22888 08113 33886 08601 44884 08598 55879 08105 66874 08597
77869 09108 88867 09596 99861 09592 11856 10100 22850 10104 33794
11609 44782 11625 55771 12607 66757 12626 77742 12597
31313 09608 81719
61616 NOAA3 1309A ISAIAS       OB 18
62626 EYEWALL 045 MBL WND 06095 AEV 40101 DLM WND 09596 975742 WL
150 05587 080 REL 2856N08706W 171941 SPG 2856N08715W 172240 =

