
958 
UZNT13 KWBC 091614
XXAA  59168 99282 70868 08186 99987 26008 11571 00618 ///// /////
92569 22003 12097 85303 19820 14598 88999 77999
31313 09608 81558
61616 NOAA3 1309A ISAIAS       OB 04
62626 EYEWALL 045 MBL WND 11087 AEV 40101 DLM WND 13093 986762 WL
150 11080 077 REL 2819N08683W 155849 SPG 2824N08690W 160207 =
XXBB  59168 99282 70868 08186 00987 26008 11884 20002 22850 19820
33782 15006 44758 14600
21212 00987 11571 11982 11075 22977 10586 33972 11081 44964 11583
55958 11591 66928 11595 77919 12603 88907 12599 99902 13102 11895
13095 22887 13093 33866 13597 44861 14102 55850 14598 66762 14597
31313 09608 81558
61616 NOAA3 1309A ISAIAS       OB 04
62626 EYEWALL 045 MBL WND 11087 AEV 40101 DLM WND 13093 986762 WL
150 11080 077 REL 2819N08683W 155849 SPG 2824N08690W 160207 =

