
011 
UZNT13 KWBC 092013
XXAA  59208 99285 70849 08184 99005 26623 15036 00046 26223 15539
92732 22612 17548 85467 19238 19050 88999 77999
31313 09608 81953
61616 NOAA3 1309A ISAIAS       OB 36
62626 MBL WND 16043 AEV 40101 DLM WND 18047 004764 WL150 15039 08
1 REL 2851N08492W 195342 SPG 2856N08492W 195653 =
XXBB  59208 99285 70849 08184 00005 26623 11904 21203 22869 20449
33850 19238 44805 15605 55760 14637
21212 00005 15036 11997 15040 22991 15038 33966 16548 44946 17050
55850 19050 66764 19051
31313 09608 81953
61616 NOAA3 1309A ISAIAS       OB 36
62626 MBL WND 16043 AEV 40101 DLM WND 18047 004764 WL150 15039 08
1 REL 2851N08492W 195342 SPG 2856N08492W 195653 =

