
786 
UZNT13 KNHC 091249
XXAA  59138 99282 70864 08186 99002 25818 09037 00021 25619 09038
92705 21809 11049 85439 18615 14548 70082 ///// 88999 77999
31313 09608 81239
61616 AF309 1209A ISAIAS             OB 33
62626 MBL WND 09543 AEV 40100 DLM WND 13045 002706 WL150 09041 08
2 REL 2822N08636W 123922 SPG 2825N08640W 124303 =
XXBB  59138 99282 70864 08186 00002 25818 11968 23002 22922 21407
33906 22636 44850 18615 55758 12816 66702 10050
21212 00002 09037 11985 08544 22971 09538 33954 10051 44939 10551
55928 11047 66918 11053 77899 12545 88868 13553 99850 14548 11706
15551
31313 09608 81239
61616 AF309 1209A ISAIAS             OB 33
62626 MBL WND 09543 AEV 40100 DLM WND 13045 002706 WL150 09041 08
2 REL 2822N08636W 123922 SPG 2825N08640W 124303 =
;

