
500 
UZNT13 KWBC 091829
XXAA  59188 99300 70874 11707 99006 23419 04045 00056 22616 04548
92731 19429 06067 85456 15807 07565 88999 77999
31313 09608 81758
61616 NOAA3 1309A ISAIAS       OB 24
62626 MBL WND 04554 AEV 40101 DLM WND 06559 006764 WL150 04050 07
9 REL 3000N08746W 175818 SPG 2998N08752W 180145 =
XXBB  59188 99300 70874 11707 00006 23419 11973 20208 22917 19031
33850 15807 44760 11400
21212 00006 04045 11990 04056 22976 05051 33963 05060 44952 05559
55936 05565 66896 06568 77850 07565 88764 09053
31313 09608 81758
61616 NOAA3 1309A ISAIAS       OB 24
62626 MBL WND 04554 AEV 40101 DLM WND 06559 006764 WL150 04050 07
9 REL 3000N08746W 175818 SPG 2998N08752W 180145 =

