
799 
UZNT13 KWBC 082006
XXAA  58202 99231 70945 08234 99007 29649 35515 00063 29046 34518
92753 22818 35018 85488 18837 35018 70132 10463 34017 50586 03758
31022 40758 14950 28023 30970 28733 27528 25098 38577 28542 20248
499// 26531 88999 77999
31313 09608 81948
61616 NOAA9 0909A ISAIAS       OB 11
62626 MBL WND 34016 AEV 40006 DLM WND 31021 006163 WL150 34016 08
1 REL 2315N09451W 194826 SPG 2309N09442W 200257 =
XXBB  58208 99231 70945 08234 00007 29649 11931 23008 22889 21456
33850 18837 44794 15239 55786 16060 66764 15068 77755 14463 88742
13865 99690 09662 11682 08857 22675 08662 33666 08056 44616 05046
55549 02120 66523 03540 77514 03560 88508 03950 99495 03759 11486
04962 22442 10961 33435 11168 44423 12568 55415 13760 66408 13975
77400 14750 88394 15756 99385 15783 11351 19972 22331 23369 33318
25927 44302 28329 55284 31361 66279 32358 77261 35978 88227 43964
99209 47971 11190 521//
21212 00007 35515 11995 33515 22910 35516 33850 35018 44759 01025
55695 33518 66665 33523 77640 31016 88628 32018 99585 30021 11522
30532 22505 30023 33489 32022 44472 31021 55420 29034 66399 28523
77373 31026 88358 29022 99264 28042 11200 26531 22163 27529
31313 09608 81948
61616 NOAA9 0909A ISAIAS       OB 11
62626 MBL WND 34016 AEV 40006 DLM WND 31021 006163 WL150 34016 08
1 REL 2315N09451W 194826 SPG 2309N09442W 200257 =

