
055 
UZNT13 KWBC 072344
XXAA  57232 99279 70904 08270 99008 28030 05020 00073 27230 05521
92759 20800 06021 85489 17403 06011 70129 09463 01510 50584 06174
27516 40756 15742 25520 30967 29121 23035 25095 38916 21047 20244
513// 22559 88999 66156 23569 407//
31313 09608 82323
61616 NOAA9 0409A ISAIAS       OB 23
62626 MBL WND 05522 AEV 40006 DLM WND 25009 008156 WL150 05521 08
0 REL 2788N09041W 232322 SPG 2791N09034W 233803 =
XXBB  57238 99279 70904 08270 00008 28030 11939 21800 22850 17403
33769 14043 44762 14059 55717 10056 66699 09463 77693 10285 88687
10287 99674 09284 11658 07061 22614 03063 33595 00629 44588 00637
55582 01676 66552 00284 77485 07771 88478 06986 99437 10588 11413
13982 22408 14766 33402 15532 44397 15961 55389 16366 66378 18158
77355 22556 88347 23318 99293 29921 11247 39713 22205 50141 33190
539//
21212 00008 05020 11935 06023 22858 06509 33850 06011 44746 04013
55701 01510 66682 03012 77590 27011 88580 27506 99571 30010 11557
30510 22552 29012 33535 30516 44486 27519 55462 30023 66403 25021
77353 26027 88336 23524 99253 21046 11156 23569
31313 09608 82323
61616 NOAA9 0409A ISAIAS       OB 23
62626 MBL WND 05522 AEV 40006 DLM WND 25009 008156 WL150 05521 08
0 REL 2788N09041W 232322 SPG 2791N09034W 233803 =

