
436 
UZNT13 KWBC 091620
XXAA  59168 99281 70870 08187 99979 26007 11089 00686 ///// /////
92502 22802 11617 85239 20000 13607 88999 77999
31313 09608 81601
61616 NOAA3 1309A ISAIAS       OB 05
62626 EYEWALL 045 MBL WND 10607 AEV 40101 DLM WND 12605 978758 WL
150 10102 083 REL 2812N08700W 160111 SPG 2818N08708W 160420 =
XXBB  59168 99281 70870 08187 00979 26007 11850 20000 22755 15600
21212 00979 11089 11976 10591 22973 09604 33971 09607 44960 10106
55952 10614 66946 10605 77941 11104 88935 11116 99924 11618 11919
12113 22913 12118 33903 12110 44894 12616 55886 12604 66877 13111
77869 13107 88850 13607 99758 14105
31313 09608 81601
61616 NOAA3 1309A ISAIAS       OB 05
62626 EYEWALL 045 MBL WND 10607 AEV 40101 DLM WND 12605 978758 WL
150 10102 083 REL 2812N08700W 160111 SPG 2818N08708W 160420 =

