
497 
UZNT13 KNHC 081548
XXAA  58167 99249 70917 08241 99005 28039 05521 00046 27250 05527
92731 22656 04031 85463 18856 02532 70/// ///// ///// 88999 77999
31313 09608 81540
61616 AF305 0709A ISAIAS             OB 28
62626 MBL WND 05028 AEV 40100 DLM WND 03528 005698 WL150 05027 08
0 SPG 2487N09167W 154436 =
XXBB  58168 99249 70917 08241 00005 28039 11948 23031 22850 18856
33808 18059 44718 11037
21212 00005 05521 11996 05029 22988 04525 33948 05532 44921 03529
55913 03532 66892 02528 77850 02532
31313 09608 81540
61616 AF305 0709A ISAIAS             OB 28
62626 MBL WND 05028 AEV 40100 DLM WND 03528 005698 WL150 05027 08
0 SPG 2487N09167W 154436 =
;

