
099 
UZNT13 KNHC 081140
XXAA  58127 99245 70912 08241 99003 26450 05542 00027 26450 05540
92709 21650 05045 85440 18442 03532 70088 09215 04528 88999 77999
31313 09608 81131
61616 AF305 0709A ISAIAS             OB 03
62626 EYEWALL 315 MBL WND 05541 AEV 40100 DLM WND 04536 002697 WL
150 05042 081 REL 2454N09125W 113154 SPG 2452N09128W 113546 =
XXBB  58128 99245 70912 08241 00003 26450 11943 21207 22934 22250
33850 18442 44718 12445 55705 11439
21212 00003 05542 11957 05539 22943 06041 33936 05546 44911 05045
55881 04036 66850 03532 77803 05036 88697 04528
31313 09608 81131
61616 AF305 0709A ISAIAS             OB 03
62626 EYEWALL 315 MBL WND 05541 AEV 40100 DLM WND 04536 002697 WL
150 05042 081 REL 2454N09125W 113154 SPG 2452N09128W 113546 =
;

