
542 
UZNT13 KNHC 090451
XXAA  59058 99258 70898 08159 99002 26035 02542 00020 25834 02544
92703 22633 02041 85437 19637 00532 70085 ///// 88999 77999
31313 09608 80433
61616 AF307 1009A ISAIAS             OB 02
62626 MBL WND 02548 AEV 40100 DLM WND 02040 001711 WL150 02546 08
1 REL 2579N08984W 043356 SPG 2575N08986W 043740 =
XXBB  59058 99258 70898 08159 00002 26035 11960 22419 22919 22843
33864 19229 44850 19637 55707 10404
21212 00002 02542 11997 02547 22986 03045 33947 03052 44926 02541
55884 00540 66850 00532 77770 03046 88711 01537
31313 09608 80433
61616 AF307 1009A ISAIAS             OB 02
62626 MBL WND 02548 AEV 40100 DLM WND 02040 001711 WL150 02546 08
1 REL 2579N08984W 043356 SPG 2575N08986W 043740 =
;

