
520 
UZNT13 KWBC 070029
XXAA  57001 99280 70873 08187 99008 28450 31004 00073 27648 30504
92760 22023 29505 85492 18656 26011 70136 09840 28518 50586 05102
25017 40759 14316 25522 30971 29132 25019 25099 38945 25024 20247
52357 28032 15426 ///// 28533 88999 77999
31313 09608 80011
61616 NOAA9 01BBA SURV         OB 31
62626 MBL WND 30003 AEV 40006 DLM WND 27018 008149 WL150 30004 08
1 REL 2800N08731W 001149 SPG 2800N08721W 002604 =
XXBB  57008 99280 70873 08187 00008 28450 11941 22821 22850 18656
33815 16418 44795 16241 55691 09236 66682 09458 77662 08456 88618
03838 99567 00303 11477 06701 22437 11308 33429 10533 44381 16905
55323 24550 66298 29528 77293 30356 88280 32558 99271 34532 11251
38746 22211 48949 33197 53359 44190 549//
21212 00008 31004 11946 30003 22905 28005 33866 26013 44850 26011
55817 26514 66791 29514 77771 28016 88693 29018 99646 27025 11585
27018 22545 25019 33526 26017 44496 25018 55472 26521 66441 24522
77416 26522 88400 25522 99390 26520 11376 26021 22366 23521 33348
24521 44334 23022 55288 25518 66278 24515 77199 28032 88177 29560
99149 28031
31313 09608 80011
61616 NOAA9 01BBA SURV         OB 31
62626 MBL WND 30003 AEV 40006 DLM WND 27018 008149 WL150 30004 08
1 REL 2800N08731W 001149 SPG 2800N08721W 002604 =

