
105 
UZNT13 KWBC 080017
XXAA  58001 99279 70849 08174 99009 26423 06013 00077 25818 06012
92761 21407 19002 85493 17404 20006 70133 09022 26006 50585 04714
25023 40758 14321 25026 30970 29133 23531 25097 39157 24033 20246
51758 25542 15425 ///// 27061 88999 77150 27061 418//
31313 09608 82358
61616 NOAA9 0409A ISAIAS       OB 26
62626 MBL WND 05511 AEV 40006 LAST REPORT DLM WND 24517 008149 WL
150 06011 081 REL 2788N08494W 235848 SPG 2792N08485W 001337 =
XXBB  58008 99279 70849 08174 00009 26423 11850 17404 22797 15239
33773 14027 44577 00001 55513 03514 66449 09700 77418 12118 88390
15517 99382 16338 11372 17917 22365 18542 33341 22528 44331 23956
55297 29728 66282 31950 77252 38557 88240 41756 99228 43760 11208
49557 22198 52359 33190 543//
21212 00009 06013 11970 04513 22933 11001 33850 20006 44666 26510
55649 24017 66620 26020 77575 24524 88423 26023 99330 23028 11235
24033 22149 27061
31313 09608 82358
61616 NOAA9 0409A ISAIAS       OB 26
62626 MBL WND 05511 AEV 40006 LAST REPORT DLM WND 24517 008149 WL
150 06011 081 REL 2788N08494W 235848 SPG 2792N08485W 001337 =

