
503 
UZNT13 KWBC 072231
XXAA  57222 99239 70967 08236 99007 28234 36018 00062 27633 35519
92749 23040 02014 85484 18826 02512 70131 10426 04018 50586 03966
32523 40759 15561 30021 30971 27791 29022 25099 38384 27024 20248
499// 29017 88999 77999
31313 09608 82213
61616 NOAA9 0409A ISAIAS       OB 16
62626 MBL WND 36018 AEV 40006 DLM WND 33013 006163 WL150 36018 08
1 REL 2387N09675W 221345 SPG 2384N09671W 222711 =
XXBB  57228 99239 70967 08236 00007 28234 11962 24209 22929 23443
33850 18826 44681 09234 55664 08016 66652 07856 77625 06456 88597
03420 99575 01850 11549 00135 22537 00758 33529 01176 44507 03365
55472 07362 66463 08366 77441 11758 88431 11578 99421 12182 11395
16360 22381 17361 33370 18373 44340 23177 55324 23394 66210 47380
77191 523//
21212 00007 36018 11992 01018 22961 36019 33928 02014 44850 02512
55781 01014 66720 04017 77675 03517 88659 01016 99628 00510 11606
34510 22584 30511 33551 32511 44450 32535 55422 32017 66388 27521
77367 28018 88355 26019 99345 26022 11332 29521 22286 29024 33261
26525 44217 29020 55191 28517 66170 23021 77163 25016
31313 09608 82213
61616 NOAA9 0409A ISAIAS       OB 16
62626 MBL WND 36018 AEV 40006 DLM WND 33013 006163 WL150 36018 08
1 REL 2387N09675W 221345 SPG 2384N09671W 222711 =

