
170 
UZNT13 KWBC 081929
XXAA  58198 99239 70894 08139 99980 26611 17044 00681 ///// /////
92509 23200 18570 85250 24250 20556 70931 ///// 88999 77999
31313 09608 81920
61616 NOAA3 0809A ISAIAS       OB 25
62626 EYEWALL 135 MBL WND 18069 AEV 40101 DLM WND 20561 979706 WL
150 17561 079 REL 2390N08942W 192050 SPG 2396N08939W 192439 =
XXBB  58198 99239 70894 08139 00980 26611 11953 24201 22869 21803
33859 24045 44850 24250 55725 16629 66703 16250
21212 00980 17044 11979 17045 22975 17560 33968 18063 44965 18071
55957 18079 66945 18070 77939 18572 88927 18566 99923 18574 11909
19564 22888 20066 33850 20556 44706 22065
31313 09608 81920
61616 NOAA3 0809A ISAIAS       OB 25
62626 EYEWALL 135 MBL WND 18069 AEV 40101 DLM WND 20561 979706 WL
150 17561 079 REL 2390N08942W 192050 SPG 2396N08939W 192439 =

