
157 
UZNT13 KNHC 091506
XXAA  59158 99286 70887 08188 99001 26035 05046 00009 25836 05045
92690 19818 04555 85417 17056 03550 70058 ///// 88999 77999
31313 09608 81449
61616 AF309 1209A ISAIAS             OB 45
62626 MBL WND 05057 AEV 40100 DLM WND 05049 000707 WL150 05057 08
1 REL 2861N08871W 144920 SPG 2858N08875W 145310 =
XXBB  59158 99286 70887 08188 00001 26035 11911 18609 22902 18406
33897 20057 44850 17056 55839 17658 66759 12417 77703 10822
21212 00001 05046 11996 04558 22989 05057 33984 05061 44963 05055
55954 05059 66942 04554 77931 04558 88922 04555 99904 04056 11897
04561 22884 04062 33850 03550 44756 06044 55707 09032
31313 09608 81449
61616 AF309 1209A ISAIAS             OB 45
62626 MBL WND 05057 AEV 40100 DLM WND 05049 000707 WL150 05057 08
1 REL 2861N08871W 144920 SPG 2858N08875W 145310 =
;

