
600 
UZNT13 KWBC 072250
XXAA  57222 99256 70964 08256 99008 27429 01502 00069 26825 36004
92755 22644 05013 85488 18433 05517 70135 10650 08013 50586 05720
34519 40758 15320 29519 30969 29340 30527 25097 38547 29022 20246
497// 26023 88999 77999
31313 09608 82227
61616 NOAA9 0409A ISAIAS       OB 18
62626 MBL WND 02005 AEV 40006 DLM WND 34509 007157 WL150 00504 08
1 REL 2559N09636W 222757 SPG 2557N09634W 224132 =
XXBB  57228 99256 70964 08256 00008 27429 11973 24407 22934 23047
33850 18433 44756 14650 55702 10850 66682 08627 77649 07857 88578
00022 99506 04924 11411 13921 22324 25129 33263 35950 44234 42350
55218 45374 66204 48577 77190 521//
21212 00008 01502 11974 01005 22949 04510 33940 04513 44850 05517
55786 06011 66764 08012 77703 08013 88672 06504 99624 05010 11586
32513 22578 32012 33563 35014 44518 33529 55477 35517 66455 34019
77444 34518 88431 32511 99425 33010 11421 31509 22414 29013 33384
30020 44359 29019 55337 31516 66294 30028 77259 31022 88247 28520
99183 24521 11162 26026 22157 28023
31313 09608 82227
61616 NOAA9 0409A ISAIAS       OB 18
62626 MBL WND 02005 AEV 40006 DLM WND 34509 007157 WL150 00504 08
1 REL 2559N09636W 222757 SPG 2557N09634W 224132 =

