
813 
UZNT13 KWBC 091819
XXAA  59188 99300 70870 11707 99006 24407 04542 00051 23216 04550
92728 19005 06064 85455 16220 08554 88999 77999
31313 09608 81753
61616 NOAA3 1309A ISAIAS       OB 23
62626 MBL WND 05056 AEV 40101 DLM WND 07551 005763 WL150 04550 08
1 REL 3001N08705W 175354 SPG 3000N08710W 175656 =
XXBB  59188 99300 70870 11707 00006 24407 11973 22224 22931 19001
33850 16220 44759 12829
21212 00006 04542 11002 04550 22986 04555 33980 04553 44974 04561
55968 05064 66950 05559 77935 06060 88926 06065 99912 06559 11905
07061 22850 08554 33763 11545
31313 09608 81753
61616 NOAA3 1309A ISAIAS       OB 23
62626 MBL WND 05056 AEV 40101 DLM WND 07551 005763 WL150 04550 08
1 REL 3001N08705W 175354 SPG 3000N08710W 175656 =

