
097 
UZNT13 KNHC 091124
XXAA  59118 99268 70879 08167 99973 26207 35580 00739 ///// /////
92450 22806 00596 85187 20846 01085 88999 77999
31313 09608 81101
61616 AF309 1209A ISAIAS             OB 21
62626 EYEWALL 315 MBL WND 36092 AEV 40100 DLM WND 00586 973762 WL
150 35589 079 REL 2684N08792W 110144 SPG 2678N08792W 110400 =
XXBB  59118 99268 70879 08167 00973 26207 11934 23205 22850 20846
33796 20457 44714 15637
21212 00973 35580 11970 35588 22960 35093 33938 36090 44931 00604
55926 00596 66909 01102 77900 01095 88888 01095 99873 01087 11850
01085 22762 01574
31313 09608 81101
61616 AF309 1209A ISAIAS             OB 21
62626 EYEWALL 315 MBL WND 36092 AEV 40100 DLM WND 00586 973762 WL
150 35589 079 REL 2684N08792W 110144 SPG 2678N08792W 110400 =
;

