
753 
UZNT13 KWBC 082117
XXAA  58212 99234 70866 08136 99004 29044 17527 00037 28641 17529
92727 23211 19530 85463 19626 19532 70110 10641 19037 50584 04520
19530 40757 14308 21528 30969 27963 21525 25098 38345 20021 20247
501// 18508 88999 77999
31313 09608 82058
61616 NOAA9 0909A ISAIAS       OB 19
62626 MBL WND 17530 AEV 40006 DLM WND 19528 003156 WL150 17529 08
1 REL 2338N08655W 205848 SPG 2348N08651W 211226 =
XXBB  58218 99234 70866 08136 00004 29044 11913 22203 22850 19626
33732 11405 44698 10442 55648 07238 66641 07458 77597 02610 88554
00635 99389 15310 11329 23717 22321 24532 33310 25763 44253 37740
55203 49162 66190 525//
21212 00004 17527 11963 18032 22888 20032 33850 19532 44596 20037
55559 18531 66467 20029 77421 22026 88358 21530 99323 19524 11308
21524 22261 21521 33237 20018 44221 17010 55173 26012 66156 32009
31313 09608 82058
61616 NOAA9 0909A ISAIAS       OB 19
62626 MBL WND 17530 AEV 40006 DLM WND 19528 003156 WL150 17529 08
1 REL 2338N08655W 205848 SPG 2348N08651W 211226 =

