
350 
UZNT13 KNHC 072340
XXAA  57238 99245 70925 08242 99003 27641 04525 00029 27439 04525
92715 23256 06530 85450 19256 06019 70099 ///// 88999 77999
31313 09608 82329
61616 AF301 0509A ISAIAS             OB 02
62626 MBL WND 05024 AEV 40100 DLM WND 07521 002708 WL150 05025 08
2 REL 2446N09253W 233003 SPG 2446N09256W 233350 =
XXBB  57238 99245 70925 08242 00003 27641 11948 22808 22935 23856
33892 22258 44850 19256 55703 11050
21212 00003 04525 11972 05526 22961 05523 33947 06024 44938 06529
55911 06530 66888 06521 77850 06019 88802 10528 99728 11019 11708
09515
31313 09608 82329
61616 AF301 0509A ISAIAS             OB 02
62626 MBL WND 05024 AEV 40100 DLM WND 07521 002708 WL150 05025 08
2 REL 2446N09253W 233003 SPG 2446N09256W 233350 =
;

