
925 
UZNT13 KWBC 091921
XXAA  59198 99284 70870 08187 99963 27023 20564 00837 ///// /////
92358 31061 21591 85120 32870 23110 88999 77999
31313 09608 81832
61616 NOAA3 1309A ISAIAS       OB 31
62626 EYEWALL 135 MBL WND 21588 AEV 40101 DLM WND 23097 962758 WL
150 21082 078 REL 2843N08700W 183213 SPG 2849N08692W 183517 =
XXBB  59198 99284 70870 08187 00963 27023 11949 26430 22941 29458
33931 30860 44915 32463 55870 31264 66850 32870 77771 26868 88755
27070
21212 00963 20564 11953 21090 22906 22092 33885 22587 44869 22594
55863 23092 66850 23110 77758 24611
31313 09608 81832
61616 NOAA3 1309A ISAIAS       OB 31
62626 EYEWALL 135 MBL WND 21588 AEV 40101 DLM WND 23097 962758 WL
150 21082 078 REL 2843N08700W 183213 SPG 2849N08692W 183517 =

