
216 
UZNT13 KWBC 090709
XXAA  59078 99258 70873 08157 99998 27834 17542 00522 ///// /////
92666 22009 18068 85400 19832 18064 88999 77999
31313 09608 80659
61616 NOAA3 1109A ISAIAS       OB 20
62626 MBL WND 18060 AEV 40101 DLM WND 18064 997762 WL150 17554 07
9 REL 2581N08732W 065958 SPG 2586N08732W 070315 =
XXBB  59078 99258 70873 08157 00998 27834 11927 22008 22878 19609
33850 19832 44758 14625
21212 00998 17542 11996 17543 22992 17555 33986 17558 44980 18054
55970 18061 66944 18069 77899 18066 88868 18068 99850 18064 11762
19062
31313 09608 80659
61616 NOAA3 1109A ISAIAS       OB 20
62626 MBL WND 18060 AEV 40101 DLM WND 18064 997762 WL150 17554 07
9 REL 2581N08732W 065958 SPG 2586N08732W 070315 =

