
900 
UZNT13 KNHC 091211
XXAA  59128 99270 70877 08177 99965 26809 34564 00818 ///// /////
92374 24203 00591 85117 22616 01053 70799 ///// 88999 77999
31313 09608 81158
61616 AF309 1209A ISAIAS             OB 27
62626 EYEWALL 270 MBL WND 00586 AEV 40100 DLM WND 01059 964707 WL
150 35578 082 REL 2702N08771W 115855 SPG 2697N08772W 120159 =
XXBB  59128 99270 70877 08177 00965 26809 11931 24403 22902 23604
33893 24620 44850 22616 55785 19410 66738 19856 77703 16840
21212 00965 34564 11964 34564 22960 35579 33955 00581 44946 35584
55941 36095 66922 01088 77916 02094 88914 02090 99908 01069 11898
00559 22850 01053 33757 01051 44707 03046
31313 09608 81158
61616 AF309 1209A ISAIAS             OB 27
62626 EYEWALL 270 MBL WND 00586 AEV 40100 DLM WND 01059 964707 WL
150 35578 082 REL 2702N08771W 115855 SPG 2697N08772W 120159 =
;

