
316 
UZNT13 KWBC 090651
XXAA  59078 99259 70886 08158 99981 25207 33081 00670 ///// /////
92515 22001 34597 85252 20010 36081 88999 77999
31313 09608 80643
61616 NOAA3 1109A ISAIAS       OB 17
62626 MXWNDBND MBL WND 33597 AEV 40101 DLM WND 35086 980764 WL150
 33592 082 REL 2589N08860W 064312 SPG 2583N08859W 064547 =
XXBB  59078 99259 70886 08158 00981 25207 11957 23001 22850 20010
33759 16200
21212 00981 33081 11974 33582 22967 33104 33965 33107 44957 33600
55946 34104 66934 34096 77916 34598 88908 34593 99903 35099 11894
35595 22887 00100 33879 36095 44873 36099 55868 36091 66858 36083
77850 36081 88764 00572
31313 09608 80643
61616 NOAA3 1109A ISAIAS       OB 17
62626 MXWNDBND MBL WND 33597 AEV 40101 DLM WND 35086 980764 WL150
 33592 082 REL 2589N08860W 064312 SPG 2583N08859W 064547 =

