
824 
UZNT13 KNHC 080515
XXAA  58058 99249 70917 08241 99006 27245 05523 00052 26447 05523
92737 22456 05526 85470 19044 06526 70116 ///// 88999 77999
31313 09608 80507
61616 AF301 0509A ISAIAS             OB 29
62626 MBL WND 05524 AEV 40100 DLM WND 06020 005705 WL150 05022 08
1 REL 2487N09170W 050752 SPG 2486N09172W 051143 =
XXBB  58058 99249 70917 08241 00006 27245 11954 23656 22850 19044
33810 17257 44701 10446
21212 00006 05523 11995 05021 22972 05527 33885 04523 44850 06526
55745 07513 66736 06510 77705 10006
31313 09608 80507
61616 AF301 0509A ISAIAS             OB 29
62626 MBL WND 05524 AEV 40100 DLM WND 06020 005705 WL150 05022 08
1 REL 2487N09170W 050752 SPG 2486N09172W 051143 =
;

