
524 
UZNT13 KWBC 082209
XXAA  58222 99238 70902 08230 99000 27840 28030 00501 ///// /////
92687 22832 29035 85421 18633 30035 70068 10641 30538 50581 03166
31548 40754 12968 30539 30968 26958 30533 25097 36959 29530 20247
491// 30015 88999 77999
31313 09608 82151
61616 NOAA9 0909A ISAIAS       OB 25
62626 MBL WND 28536 AEV 40006 DLM WND 30536 999156 WL150 28034 08
1 REL 2383N09022W 215158 SPG 2376N09011W 220602 =
XXBB  58228 99238 70902 08230 00000 27840 11850 18633 22771 14229
33765 14656 44728 13456 55672 08238 66586 04457 77536 00358 88518
00966 99488 04566 11482 04572 22477 05162 33471 05571 44461 06764
55454 06972 66430 09566 77410 11574 88398 13167 99393 13772 11389
14362 22382 14371 33370 16541 44358 18722 55356 19133 66350 18588
77332 21193 88310 25184 99303 26359 11296 27557 22285 29362 33278
30759 44275 31166 55267 32981 66258 34760 77216 45145 88202 48750
99191 517//
21212 00000 28030 11995 27535 22990 28033 33973 28038 44850 30035
55734 33035 66696 30539 77519 32047 88430 29549 99305 30534 11267
29037 22212 30517 33188 29513 44183 27010 55156 14506
31313 09608 82151
61616 NOAA9 0909A ISAIAS       OB 25
62626 MBL WND 28536 AEV 40006 DLM WND 30536 999156 WL150 28034 08
1 REL 2383N09022W 215158 SPG 2376N09011W 220602 =

