
408 
UZNT13 KNHC 090602
XXAA  59068 99270 70871 08177 99005 24012 06029 00041 23611 05531
92723 21416 08534 85454 17807 09539 70101 ///// 88999 77999
31313 09608 80556
61616 AF307 1009A ISAIAS             OB 10
62626 MBL WND 06535 AEV 40100 DLM WND 10534 004707 WL150 05533 08
2 REL 2703N08707W 055614 SPG 2704N08711W 060010 =
XXBB  59068 99270 70871 08177 00005 24012 11965 21805 22940 22623
33850 17807 44702 11000
21212 00005 06029 11995 05535 22973 07035 33962 06542 44935 08032
55887 09540 66863 09534 77850 09539 88707 16047
31313 09608 80556
61616 AF307 1009A ISAIAS             OB 10
62626 MBL WND 06535 AEV 40100 DLM WND 10534 004707 WL150 05533 08
2 REL 2703N08707W 055614 SPG 2704N08711W 060010 =
;

