
244 
UZNT13 KWBC 070004
XXAA  57001 99280 70915 08281 99010 27031 04512 00090 26437 05510
92774 21416 05012 85506 17822 06507 70146 09424 21007 50587 05762
32515 40759 14316 23025 30971 28729 26025 25099 38935 25529 20248
51932 25535 15426 ///// 27556 88999 77999
31313 09608 82343
61616 NOAA9 01BBA SURV         OB 29
62626 MBL WND 05512 AEV 40006 DLM WND 26509 009149 WL150 05511 08
1 REL 2800N09154W 234324 SPG 2801N09146W 235836 =
XXBB  57008 99280 70915 08281 00010 27031 11941 22008 22850 17822
33704 09015 44695 09436 55650 06417 66625 05647 77567 00433 88543
00965 99537 01362 11532 01576 22521 02770 33510 04162 44483 08161
55474 11150 66446 10108 77403 14116 88345 21322 99273 33935 11233
42926 22226 44746 33191 54745 44190 549//
21212 00010 04512 11000 06010 22934 05513 33900 05010 44850 06507
55656 00000 66594 04510 77581 03010 88558 33012 99492 32019 11462
30514 22452 24509 33445 21011 44428 24518 55386 23028 66307 26025
77286 25030 88204 25534 99169 25548 11149 27554
31313 09608 82343
61616 NOAA9 01BBA SURV         OB 29
62626 MBL WND 05512 AEV 40006 DLM WND 26509 009149 WL150 05511 08
1 REL 2800N09154W 234324 SPG 2801N09146W 235836 =

