
814 
UZNT13 KNHC 092307
XXAA  59238 99295 70868 08196 99980 24011 30558 00680 ///// /////
92504 23826 33067 85245 25258 29540 70943 ///// 88999 77999
31313 09608 82254
61616 AF301 1409A ISAIAS             OB 36
62626 MXWNDBND MBL WND 32068 AEV 40100 DLM WND 29554 979708 WL150
 31564 084 REL 2949N08684W 225431 SPG 2946N08678W 225807 =
XXBB  59238 99295 70868 08196 00980 24011 11935 22009 22917 24841
33875 23242 44864 20819 55857 24056 66850 25258 77827 25861 88821
27866 99703 19064
21212 00980 30558 11978 30056 22966 32069 33945 32574 44921 32565
55914 32069 66905 32559 77894 31565 88882 31061 99875 31567 11866
31055 22860 30537 33850 29540 44833 26550 55812 27057 66708 27065
31313 09608 82254
61616 AF301 1409A ISAIAS             OB 36
62626 MXWNDBND MBL WND 32068 AEV 40100 DLM WND 29554 979708 WL150
 31564 084 REL 2949N08684W 225431 SPG 2946N08678W 225807 =
;

