
264 
UZNT13 KNHC 080307
XXAA  58038 99228 70920 08222 99991 26812 31555 00577 ///// /////
92612 23203 33575 85351 21007 34563 70027 ///// 88999 77999
31313 09608 80253
61616 AF301 0509A ISAIAS             OB 20
62626 MXWNDBND MBL WND 33077 AEV 40100 DLM WND 33561 991706 WL150
 32576 082 REL 2284N09202W 025355 SPG 2279N09199W 025712 =
XXBB  58038 99228 70920 08222 00991 26812 11850 21007 22822 21021
33814 22646 44806 20422 55764 19644 66715 15009 77704 16657 88702
162//
21212 00991 31555 11990 31556 22987 32569 33983 32578 44972 33086
55953 32574 66934 33572 77926 33575 88919 34071 99910 34583 11905
35078 22902 35080 33894 34573 44877 35076 55861 34564 66850 34563
77801 33041 88743 32049 99706 33058
31313 09608 80253
61616 AF301 0509A ISAIAS             OB 20
62626 MXWNDBND MBL WND 33077 AEV 40100 DLM WND 33561 991706 WL150
 32576 082 REL 2284N09202W 025355 SPG 2279N09199W 025712 =
;

