
609 
UZNT13 KWBC 092007
XXAA  59208 99281 70849 08184 99006 27830 16532 00050 27428 17036
92738 23226 19050 85474 18830 19550 88999 77999
31313 09608 81948
61616 NOAA3 1309A ISAIAS       OB 35
62626 MBL WND 17039 AEV 40101 DLM WND 19047 005764 WL150 17037 08
1 REL 2810N08491W 194839 SPG 2814N08490W 195154 =
XXBB  59208 99281 70849 08184 00006 27830 11971 24812 22900 22449
33850 18830 44815 16608 55760 14028
21212 00006 16532 11989 16539 22970 16541 33962 18038 44954 18545
55925 19050 66850 19550 77764 19555
31313 09608 81948
61616 NOAA3 1309A ISAIAS       OB 35
62626 MBL WND 17039 AEV 40101 DLM WND 19047 005764 WL150 17037 08
1 REL 2810N08491W 194839 SPG 2814N08490W 195154 =

