
866 
UZNT13 KNHC 091134
XXAA  59118 99278 70890 08179 99001 25643 06046 00006 25643 /////
92689 23660 04040 85423 19458 03538 70068 ///// 88999 77999
31313 09608 81124
61616 AF309 1209A ISAIAS             OB 23
62626 MBL WND 05553 AEV 40100 DLM WND 04043 000744 WL150 05552 08
2 REL 2776N08898W 112431 SPG 2774N08901W 112740 =
XXBB  59118 99278 70890 08179 00001 25643 11957 22435 22948 23058
33923 23660 44850 19458 55767 13418 66704 11414
21212 00001 06046 11000 06045 22997 05553 33994 05550 44981 05557
55967 05551 66947 05052 77923 03539 88900 04044 99865 03036 11850
03538 22793 03038 33744 06047
31313 09608 81124
61616 AF309 1209A ISAIAS             OB 23
62626 MBL WND 05553 AEV 40100 DLM WND 04043 000744 WL150 05552 08
2 REL 2776N08898W 112431 SPG 2774N08901W 112740 =
;

