
000
UZNT13 KWBC 082200
XXAA  58222 99236 70890 08139 99998 28646 22042 00517 ///// /////
92672 22628 23059 85405 18820 23556 70056 11450 24058 50580 02722
26052 40753 13121 26550 30967 26931 27045 25096 35136 27026 20247
479// 26025 88999 77999
31313 09608 82142
61616 NOAA9 0909A ISAIAS       OB 24
62626 MBL WND 22557 AEV 40006 DLM WND 25049 998156 WL150 22054 08
0 REL 2361N08900W 214215 SPG 2366N08883W 215553 =
XXBB  58228 99236 70890 08139 00998 28646 11897 20213 22871 20037
33850 18820 44792 15613 55768 16056 66739 15058 77676 09231 88662
09450 99581 02417 11553 01441 22512 02112 33505 01927 44411 11915
55328 22326 66259 33330 77206 46356 88190 509//
21212 00998 22042 11997 22042 22994 22053 33982 22558 44850 23556
55618 24554 66548 27057 77448 26058 88261 27529 99232 25026 11190
26025 22156 25023
31313 09608 82142
61616 NOAA9 0909A ISAIAS       OB 24
62626 MBL WND 22557 AEV 40006 DLM WND 25049 998156 WL150 22054 08
0 REL 2361N08900W 214215 SPG 2366N08883W 215553 =

