
376 
UZNT13 KNHC 081217
XXAA  58127 99233 70905 08230 99978 28413 20020 00700 ///// /////
92495 25413 21019 85238 22014 21016 70928 18058 24015 88999 77999
31313 09608 81155
61616 AF305 0709A ISAIAS             OB 06
62626 CENTER MBL WND 21019 AEV 40100 DLM WND 22016 977697 WL150 2
1020 081 REL 2334N09054W 115511 SPG 2335N09053W 115856 =
XXBB  58128 99233 70905 08230 00978 28413 11850 22014 22842 24056
33799 23859 44716 19861 55704 18861 66697 17456
21212 00978 20020 11931 21518 22856 19516 33850 21016 44840 23017
55821 22015 66769 24020 77742 20015 88727 23513 99697 23515
31313 09608 81155
61616 AF305 0709A ISAIAS             OB 06
62626 CENTER MBL WND 21019 AEV 40100 DLM WND 22016 977697 WL150 2
1020 081 REL 2334N09054W 115511 SPG 2335N09053W 115856 =
;

