
643 
UZNT13 KNHC 081229
XXAA  58127 99227 70899 08129 99998 28040 20040 00515 ///// /////
92672 21807 21547 85406 20242 22053 70062 10637 23053 88999 77999
31313 09608 81209
61616 AF305 0709A ISAIAS             OB 08
62626 MBL WND 21044 AEV 40100 DLM WND 22549 998697 WL150 20544 08
1 REL 2273N08989W 120933 SPG 2277N08985W 121329 =
XXBB  58128 99227 70899 08129 00998 28040 11931 22004 22876 19206
33850 20242 44757 16258 55705 11843 66697 10034
21212 00998 20040 11984 20545 22971 21042 33962 21045 44945 21043
55850 22053 66781 23555 77697 23054
31313 09608 81209
61616 AF305 0709A ISAIAS             OB 08
62626 MBL WND 21044 AEV 40100 DLM WND 22549 998697 WL150 20544 08
1 REL 2273N08989W 120933 SPG 2277N08985W 121329 =
;

