
845 
UZNT13 KWBC 072024
XXAA  57202 99227 70881 08128 99007 29032 11003 00064 28428 13504
92754 23831 19516 85491 20256 20015 70142 11056 20519 50587 04160
19516 40760 13556 18011 30973 27956 22506 25101 38356 21012 20250
503// 30025 88999 77999
31313 09608 82006
61616 NOAA9 0409A ISAIAS       OB 06
62626 MBL WND 15504 AEV 40006 DLM WND 20011 006180 WL150 13004 08
1 REL 2267N08811W 200649 SPG 2271N08811W 201951 =
XXBB  57208 99227 70881 08128 00007 29032 11969 25807 22850 20256
33748 14258 44715 11639 55698 10857 66615 04237 77607 03859 88600
03660 99576 01434 11523 02156 22515 02950 33501 04161 44490 05728
55485 05950 66475 06534 77439 09756 88424 11331 99414 12150 11380
15956 22354 19172 33344 20760 44332 22772 55327 23366 66309 26756
77296 28556 88290 29763 99245 39350 11226 43757 22190 525//
21212 00007 11003 11971 15004 22947 19510 33906 19518 44850 20015
55687 20517 66618 18013 77595 14512 88517 20016 99485 19016 11473
17512 22449 19011 33389 17510 44306 23005 55283 17510 66254 19010
77233 23513 88227 27010 99217 29517 11180 31031
31313 09608 82006
61616 NOAA9 0409A ISAIAS       OB 06
62626 MBL WND 15504 AEV 40006 DLM WND 20011 006180 WL150 13004 08
1 REL 2267N08811W 200649 SPG 2271N08811W 201951 =

