
485 
UZNT13 KNHC 090811
XXAA  59088 99267 70896 08169 99000 26628 05533 00004 26628 /////
92688 21402 04540 85423 21059 02531 70078 ///// 88999 77999
31313 09608 80802
61616 AF309 1209A ISAIAS             OB 02
62626 MBL WND 04543 AEV 40100 DLM WND 03032 000708 WL150 04539 08
1 REL 2666N08963W 080234 SPG 2663N08965W 080637 =
XXBB  59088 99267 70896 08169 00000 26628 11917 20208 22905 22858
33850 21059 44817 18458 55774 17659 66703 11227
21212 00000 05533 11996 04038 22980 04546 33974 04543 44968 04547
55943 04544 66929 04537 77920 04045 88905 03535 99881 03037 11850
02531 22733 36023 33708 02026
31313 09608 80802
61616 AF309 1209A ISAIAS             OB 02
62626 MBL WND 04543 AEV 40100 DLM WND 03032 000708 WL150 04539 08
1 REL 2666N08963W 080234 SPG 2663N08965W 080637 =
;

