
011 
UZNT13 KWBC 081853
XXAA  58198 99240 70888 08148 99999 25819 16055 00508 ///// /////
92677 21404 18067 85410 18418 18557 70061 ///// 88999 77999
31313 09608 81837
61616 NOAA3 0809A ISAIAS       OB 23
62626 MBL WND 17563 AEV 40101 DLM WND 18557 998707 WL150 16558 08
1 REL 2397N08880W 183712 SPG 2403N08879W 184116 =
XXBB  58198 99240 70888 08148 00999 25819 11907 20800 22883 20628
33850 18418 44767 14800 55761 15433 66742 14633 77703 11626
21212 00999 16055 11987 16561 22981 17059 33970 17566 44940 18068
55894 18558 66872 18561 77850 18557 88792 19054 99774 19540 11757
19055 22707 19054
31313 09608 81837
61616 NOAA3 0809A ISAIAS       OB 23
62626 MBL WND 17563 AEV 40101 DLM WND 18557 998707 WL150 16558 08
1 REL 2397N08880W 183712 SPG 2403N08879W 184116 =

