
688 
UZNT13 KWBC 071942
XXAA  57198 99226 70922 08222 99002 26008 12518 00022 25806 13019
92709 22407 15531 85445 19007 17527 70098 ///// 88999 77999
31313 09608 81918
61616 NOAA3 0309A ISAIAS       OB 17
62626 MBL WND 14025 AEV 40101 DLM WND 17030 002706 WL150 13522 08
0 REL 2257N09221W 191826 SPG 2260N09222W 192228 =
XXBB  57198 99226 70922 08222 00002 26008 11915 21813 22899 23238
33850 19007 44767 14800 55762 14421 66752 13401 77715 12400 88702
11423
21212 00002 12518 11980 14027 22958 13525 33945 15034 44915 14532
55909 14537 66899 14534 77893 16540 88879 18036 99871 18029 11861
18533 22853 18026 33850 17527 44829 19033 55807 18033 66764 19532
77706 19039
31313 09608 81918
61616 NOAA3 0309A ISAIAS       OB 17
62626 MBL WND 14025 AEV 40101 DLM WND 17030 002706 WL150 13522 08
0 REL 2257N09221W 191826 SPG 2260N09222W 192228 =

