
217 
UZNT13 KWBC 081543
XXAA  58168 99253 70891 08159 99007 244// ///// 00065 24214 07536
92745 20821 08037 85475 17611 09038 88999 77999
31313 09608 81534
61616 NOAA3 0809A ISAIAS       OB 01
62626 LST WND 022 MBL WND 07038 AEV 40101 DLM WND 09031 005769 WL
150 07038 096 REL 2533N08909W 153413 SPG 2533N08911W 153612 =
XXBB  58168 99253 70891 08159 00007 244// 11002 24412 22850 17611
33761 13803
21212 00007 ///// 11005 07035 22002 07032 33997 07542 44983 07040
55972 06033 66967 05536 77956 07043 88935 07533 99928 07538 11917
07535 22909 09040 33895 08033 44887 08043 55879 08529 66870 09043
77863 09539 88856 10046 99850 09038 11845 11031 22832 11533 33826
14027 44814 11524 55798 13520 66791 15524 77785 14027 88769 15027
31313 09608 81534
61616 NOAA3 0809A ISAIAS       OB 01
62626 LST WND 022 MBL WND 07038 AEV 40101 DLM WND 09031 005769 WL
150 07038 096 REL 2533N08909W 153413 SPG 2533N08911W 153612 =

