
532 
UZNT13 KWBC 090640
XXAA  59068 99259 70901 08250 99004 27229 02028 00034 26828 02032
92719 21000 02532 85454 19850 01031 88999 77999
31313 09608 80622
61616 NOAA3 1109A ISAIAS       OB 15
62626 MBL WND 02531 AEV 40101 DLM WND 01530 003763 WL150 02032 08
1 REL 2589N09009W 062304 SPG 2587N09010W 062619 =
XXBB  59068 99259 70901 08250 00004 27229 11936 21400 22919 20600
33905 22241 44850 19850 55758 13621
21212 00004 02028 11999 02032 22964 02528 33912 03035 44880 01025
55850 01031 66796 35532 77763 36026
31313 09608 80622
61616 NOAA3 1109A ISAIAS       OB 15
62626 MBL WND 02531 AEV 40101 DLM WND 01530 003763 WL150 02032 08
1 REL 2589N09009W 062304 SPG 2587N09010W 062619 =

