
067 
UZNT13 KWBC 072016
XXAA  57202 99226 70869 08126 99008 29437 16512 00069 28835 16512
92759 23205 18011 85494 19244 21014 70142 10650 21013 50587 03160
19011 40760 13964 18006 30973 28164 28502 25101 38367 06508 20250
505// 32021 88999 77999
31313 09608 81957
61616 NOAA9 0409A ISAIAS       OB 05
62626 MBL WND 16512 AEV 40006 DLM WND 19507 007179 WL150 16512 08
1 REL 2260N08692W 195711 SPG 2262N08692W 201014 =
XXBB  57208 99226 70869 08126 00008 29437 11950 24402 22850 19244
33736 13256 44709 11043 55655 07257 66643 06040 77627 05257 88574
01034 99542 00556 11530 01161 22522 01957 33507 02561 44482 05158
55470 05561 66441 09350 77434 09963 88424 10765 99417 11760 11404
13165 22393 14759 33388 15564 44379 16162 55360 18950 66333 22961
77326 24161 88321 24956 99310 26363 11273 33960 22247 38766 33226
43757 44191 529//
21212 00008 16512 11927 18010 22890 21514 33850 21014 44800 20015
55706 21011 66570 15510 77507 19510 88339 00000 99254 07011 11236
34003 22228 35010 33214 32021 44179 29527
31313 09608 81957
61616 NOAA9 0409A ISAIAS       OB 05
62626 MBL WND 16512 AEV 40006 DLM WND 19507 007179 WL150 16512 08
1 REL 2260N08692W 195711 SPG 2262N08692W 201014 =

