
025 
UZNT13 KWBC 082128
XXAA  58212 99244 70861 08146 99006 29238 16021 00053 28837 17521
92744 23834 17533 85479 19034 18537 70128 10634 19033 50585 04527
17532 40758 14136 19030 30971 28134 19527 25099 37939 19521 20249
501// 20509 88999 77999
31313 09608 82108
61616 NOAA9 0909A ISAIAS       OB 20
62626 MBL WND 17025 AEV 40006 DLM WND 18528 005156 WL150 17022 08
1 REL 2442N08607W 210803 SPG 2453N08605W 212201 =
XXBB  58218 99244 70861 08146 00006 29238 11959 25215 22920 23444
33850 19034 44842 19050 55793 15823 66774 15656 77728 13050 88646
06014 99563 00520 11542 01350 22532 01536 33487 05712 44475 06730
55456 08712 66416 12125 77313 25730 88250 37939 99202 49558 11190
529//
21212 00006 16021 11997 17521 22961 17027 33947 16532 44850 18537
55774 18035 66723 19534 77646 18032 88614 19531 99497 17532 11376
20527 22285 19528 33236 18518 44190 19509 55175 25016 66156 25523
31313 09608 82108
61616 NOAA9 0909A ISAIAS       OB 20
62626 MBL WND 17025 AEV 40006 DLM WND 18528 005156 WL150 17022 08
1 REL 2442N08607W 210803 SPG 2453N08605W 212201 =

