
591 
UZNT13 KNHC 090909
XXAA  59098 99263 70864 08166 99000 29038 15532 00003 29038 /////
92693 22404 16551 85428 19458 18554 70074 ///// 88999 77999
31313 09608 80858
61616 AF309 1209A ISAIAS             OB 07
62626 MBL WND 15542 AEV 40100 DLM WND 17551 000708 WL150 15538 08
1 REL 2633N08639W 085845 SPG 2639N08640W 090228 =
XXBB  59098 99263 70864 08166 00000 29038 11926 22604 22877 21058
33850 19458 44751 13028 55704 11449
21212 00000 15532 11987 15541 22978 15541 33973 15546 44945 16045
55932 16053 66920 17048 77896 18053 88850 18554 99708 18557
31313 09608 80858
61616 AF309 1209A ISAIAS             OB 07
62626 MBL WND 15542 AEV 40100 DLM WND 17551 000708 WL150 15538 08
1 REL 2633N08639W 085845 SPG 2639N08640W 090228 =
;

