
929 
UZNT13 KWBC 072253
XXAA  57232 99265 70961 08266 99008 27638 04519 00071 27044 04520
92758 22632 06029 85490 17817 07022 70133 11056 06517 50585 06107
04008 40757 15156 29017 30968 29785 25525 25096 38579 25530 20245
505// 26029 88999 77999
31313 09608 82235
61616 NOAA9 0409A ISAIAS       OB 19
62626 MBL WND 05524 AEV 40006 DLM WND 36008 007156 WL150 05021 08
1 REL 2649N09607W 223537 SPG 2647N09605W 224912 =
XXBB  57238 99265 70961 08266 00008 27638 11850 17817 22813 15413
33788 15250 44739 12647 55727 11622 66702 11256 77582 00912 88537
02513 99436 11509 11398 15156 22382 18136 33371 18566 44365 19368
55346 22557 66333 24557 77326 25366 88317 27562 99310 28183 11292
30783 22277 34171 33272 35361 44265 35980 55244 39780 66203 49576
77191 523//
21212 00008 04519 11981 05526 22974 06024 33966 06028 44928 06030
55888 06022 66850 07022 77764 05521 88738 06515 99724 05010 11708
07514 22604 01522 33580 35026 44573 34022 55568 35017 66563 33514
77558 35011 88539 05010 99492 01505 11477 33510 22459 33013 33446
31015 44419 33519 55398 29017 66387 31022 77308 26024 88263 27034
99244 25029 11191 26529 22175 25028 33156 26028
31313 09608 82235
61616 NOAA9 0409A ISAIAS       OB 19
62626 MBL WND 05524 AEV 40006 DLM WND 36008 007156 WL150 05021 08
1 REL 2649N09607W 223537 SPG 2647N09605W 224912 =

