
090 
UZNT13 KWBC 082014
XXAA  58202 99236 70936 08233 99005 28645 35508 00048 28446 35011
92736 22613 34014 85471 18841 35021 70115 10062 33020 50584 04556
31024 40757 12779 29525 30970 28576 28539 25098 38574 28038 20247
501// 25531 88999 77999
31313 09608 81956
61616 NOAA9 0909A ISAIAS       OB 12
62626 MBL WND 35013 AEV 40006 DLM WND 31022 005163 WL150 35510 08
1 REL 2359N09358W 195605 SPG 2354N09349W 201022 =
XXBB  58208 99236 70936 08233 00005 28645 11925 22613 22850 18841
33815 16645 44808 17059 55796 16257 66761 15267 77696 09662 88686
10272 99677 10062 11669 10485 22637 07485 33620 06070 44605 05482
55562 00462 66556 00362 77549 01170 88538 02560 99529 03345 11520
03158 22515 03549 33506 03758 44500 04556 55488 05558 66478 05774
77440 10561 88435 10367 99426 11557 11424 10957 22411 11179 33361
19167 44334 22785 55310 26378 66210 47570 77191 523//
21212 00005 35508 11962 34516 22890 35015 33850 35021 44757 35029
55700 33020 66677 31013 77626 32031 88541 31521 99485 30026 11474
31526 22422 28525 33371 31530 44357 30035 55335 29023 66301 28539
77270 27536 88254 28539 99203 25532 11163 26528
31313 09608 81956
61616 NOAA9 0909A ISAIAS       OB 12
62626 MBL WND 35013 AEV 40006 DLM WND 31022 005163 WL150 35510 08
1 REL 2359N09358W 195605 SPG 2354N09349W 201022 =

