
713 
UZNT13 KWBC 082218
XXAA  58221 99248 70909 08240 99001 27840 36026 00013 27841 36026
92700 22220 35030 85432 18003 35027 70078 11258 34028 50581 02568
34036 40755 12792 31032 30969 26785 29028 25097 37776 28526 20247
50357 28009 15428 ///// 20518 88999 77999
31313 09608 82201
61616 NOAA9 0909A ISAIAS       OB 26
62626 MBL WND 35029 AEV 40006 DLM WND 33026 001148 WL150 35028 08
2 REL 2479N09090W 220113 SPG 2472N09084W 221500 =
XXBB  58228 99248 70909 08240 00001 27840 11850 18003 22805 16002
33783 15448 44760 13608 55732 11404 66715 12057 77703 11458 88614
05859 99596 04663 11591 04470 22584 03871 33578 03063 44561 02076
55549 00467 66534 00387 77528 00368 88512 02361 99499 02768 11479
04966 22462 06576 33442 09167 44407 12593 55392 12592 66299 26785
77227 43571 88205 49157 99196 51558 11190 531//
21212 00001 36026 11923 35031 22850 35027 33783 34025 44747 36025
55700 34028 66652 35531 77536 35037 88436 30041 99374 30518 11333
29538 22193 27506 33165 23526 44158 23524 55154 20022 66148 20516
31313 09608 82201
61616 NOAA9 0909A ISAIAS       OB 26
62626 MBL WND 35029 AEV 40006 DLM WND 33026 001148 WL150 35028 08
2 REL 2479N09090W 220113 SPG 2472N09084W 221500 =

