
079 
UZNT13 KWBC 072217
XXAA  57222 99220 70969 08226 99007 28843 33524 00063 28244 34027
92751 23449 34530 85485 18211 34019 70135 11224 00509 50587 02968
34017 40760 14161 32022 30972 26971 26029 25101 38158 26031 20250
503// 27023 88999 77999
31313 09608 82158
61616 NOAA9 0409A ISAIAS       OB 14
62626 MBL WND 34026 AEV 40006 DLM WND 32016 006163 WL150 34027 08
0 REL 2205N09694W 215834 SPG 2201N09689W 221317 =
XXBB  57228 99220 70969 08226 00007 28843 11958 24619 22914 22848
33850 18211 44735 13426 55658 08007 66641 06839 77603 03811 88591
03838 99574 01812 11551 00438 22517 03703 33504 03167 44486 04171
55437 10376 66428 11167 77412 12772 88408 12962 99397 14362 11340
22969 22306 25774 33257 36558 44209 48163 55190 527//
21212 00007 33524 11985 34027 22966 34523 33939 34531 44850 34019
55819 34017 66785 32510 77767 34510 88663 00513 99629 34016 11610
36015 22579 30511 33542 29507 44509 35016 55487 32519 66458 34524
77413 33027 88375 30514 99354 31516 11343 29514 22331 26520 33320
27031 44241 26033 55208 26523 66194 28023 77169 25015 88163 27019
31313 09608 82158
61616 NOAA9 0409A ISAIAS       OB 14
62626 MBL WND 34026 AEV 40006 DLM WND 32016 006163 WL150 34027 08
0 REL 2205N09694W 215834 SPG 2201N09689W 221317 =

