
104 
UZNT13 KNHC 081247
XXAA  58127 99222 70892 08129 99005 25014 24033 00044 24613 24036
92727 21601 22040 85462 19200 20039 70110 080// 20047 88999 77999
31313 09608 81224
61616 AF305 0709A ISAIAS             OB 10
62626 MBL WND 23537 AEV 40100 DLM WND 21038 004698 WL150 24037 08
1 SPG 2220N08920W 122828 =
XXBB  58128 99222 70892 08129 00005 25014 11939 21807 22897 22002
33875 21001 44869 19006 55850 19200 66809 18400 77788 14006
21212 00005 24033 11986 24039 22977 23535 33956 22536 44944 22043
55907 20538 66899 20044 77893 19034 88878 19032 99863 20046 11850
20039 22815 21537 33775 20037
31313 09608 81224
61616 AF305 0709A ISAIAS             OB 10
62626 MBL WND 23537 AEV 40100 DLM WND 21038 004698 WL150 24037 08
1 SPG 2220N08920W 122828 =
;

