
767 
UZNT13 KWBC 081928
XXAA  58192 99257 70926 08252 99005 27842 04016 00049 27234 03516
92735 22425 03517 85468 18421 02019 70115 10838 00516 50585 03786
34017 40757 15973 27020 30968 27576 26539 25097 38574 25032 20246
513// 22529 88999 77999
31313 09608 81911
61616 NOAA9 0909A ISAIAS       OB 07
62626 MBL WND 04017 AEV 40006 DLM WND 31511 005171 WL150 03516 08
1 REL 2570N09259W 191117 SPG 2567N09256W 192428 =
XXBB  58198 99257 70926 08252 00005 27842 11850 18421 22799 16650
33765 13612 44751 13849 55720 11004 66679 10458 77643 07457 88622
05631 99611 04646 11602 04463 22592 03462 33586 02656 44576 02865
55566 01668 66559 00861 77548 00360 88541 00966 99536 01561 11512
02189 22442 10785 33416 13765 44394 16578 55357 21385 66328 22977
77282 31170 88217 46569 99190 539//
21212 00005 04016 11947 04517 22887 02021 33850 02019 44766 03517
55749 02019 66664 34516 77651 35012 88638 33010 99626 34506 11559
32011 22548 34011 33500 34017 44429 30019 55416 26520 66389 28025
77352 27524 88344 29029 99330 27541 11244 25033 22216 22528 33171
24534
31313 09608 81911
61616 NOAA9 0909A ISAIAS       OB 07
62626 MBL WND 04017 AEV 40006 DLM WND 31511 005171 WL150 03516 08
1 REL 2570N09259W 191117 SPG 2567N09256W 192428 =

