
748 
UZNT13 KNHC 090538
XXAA  59058 99247 70874 08147 99999 26228 20536 00510 ///// /////
92675 22007 22040 85409 19642 21051 70054 ///// 88999 77999
31313 09608 80520
61616 AF307 1009A ISAIAS             OB 08
62626 MBL WND 21541 AEV 40100 DLM WND 21547 998708 WL150 21041 08
0 REL 2467N08743W 052107 SPG 2471N08740W 052452 =
XXBB  59058 99247 70874 08147 00999 26228 11876 20205 22872 19011
33862 19206 44850 19642 55710 10835
21212 00999 20536 11992 21042 22979 21044 33940 22038 44924 22041
55919 22038 66901 22043 77878 21540 88871 21549 99862 21542 11850
21051 22708 21048
31313 09608 80520
61616 AF307 1009A ISAIAS             OB 08
62626 MBL WND 21541 AEV 40100 DLM WND 21547 998708 WL150 21041 08
0 REL 2467N08743W 052107 SPG 2471N08740W 052452 =
;

