
822 
UZNT13 KWBC 082248
XXAA  58221 99263 70884 08168 99004 26013 04525 00037 25411 04529
92721 21201 06534 85452 17810 10033 70095 10028 14036 50582 04159
14535 40755 14125 16530 30968 27135 14517 25097 37336 15516 20247
49950 19522 15427 ///// 21031 88999 77999
31313 09608 82228
61616 NOAA9 0909A ISAIAS       OB 29
62626 MBL WND 05032 AEV 40006 DLM WND 14025 004149 WL150 04530 08
0 REL 2631N08836W 222809 SPG 2640N08842W 224323 =
XXBB  58228 99263 70884 08168 00004 26013 11850 17810 22752 12800
33690 09436 44629 05228 55623 05250 66580 02458 77571 01657 88556
00262 99541 01320 11537 01358 22530 01759 33528 01766 44513 02969
55504 03765 66495 04756 77485 05557 88461 07700 99449 09121 11437
10710 22431 11134 33396 14324 44342 20529 55291 28734 66196 51156
77191 527//
21212 00004 04525 11998 04531 22976 05535 33951 05532 44904 07039
55896 08031 66870 10035 77850 10033 88790 11024 99766 12028 11755
14523 22750 13530 33715 13535 44605 15545 55480 15534 66469 14031
77455 16027 88354 17035 99335 17520 11304 14517 22282 15021 33269
17020 44250 15516 55213 19023 66192 19016 77190 20021 88167 20038
99149 21531
31313 09608 82228
61616 NOAA9 0909A ISAIAS       OB 29
62626 MBL WND 05032 AEV 40006 DLM WND 14025 004149 WL150 04530 08
0 REL 2631N08836W 222809 SPG 2640N08842W 224323 =

