
146 
UZNT13 KWBC 090521
XXAA  59058 99244 70875 08147 99004 28035 21533 00037 27634 22037
92725 22210 21047 85458 18416 22548 88999 77999
31313 09608 80513
61616 NOAA3 1109A ISAIAS       OB 07
62626 MBL WND 21542 AEV 40101 DLM WND 21546 003763 WL150 22039 08
1 REL 2443N08747W 051349 SPG 2447N08745W 051650 =
XXBB  59058 99244 70875 08147 00004 28035 11915 21603 22850 18416
33823 17401 44807 16839 55797 16021 66785 15857 77758 13856
21212 00004 21533 11992 22041 22965 21545 33937 21044 44903 22051
55850 22548 66763 21049
31313 09608 80513
61616 NOAA3 1109A ISAIAS       OB 07
62626 MBL WND 21542 AEV 40101 DLM WND 21546 003763 WL150 22039 08
1 REL 2443N08747W 051349 SPG 2447N08745W 051650 =

