
731 
UZNT13 KWBC 072120
XXAA  57212 99258 70922 08252 99007 27842 07009 00065 27239 07010
92751 22642 09015 85484 18434 09016 70126 08617 10510 50585 05160
36019 40757 13768 23511 30970 28126 19024 25098 37746 19534 20248
501// 20039 88999 77999
31313 09608 82100
61616 NOAA9 0409A ISAIAS       OB 10
62626 MBL WND 08010 AEV 40006 DLM WND 13505 007171 WL150 07010 08
1 REL 2576N09223W 210044 SPG 2578N09225W 211403 =
XXBB  57218 99258 70922 08252 00007 27842 11950 23009 22919 22449
33850 18434 44752 13456 55704 08817 66637 04817 77612 04857 88567
00433 99562 00658 11532 01761 22527 01769 33508 03969 44503 04960
55494 05560 66477 07110 77429 12315 88413 12164 99403 13572 11388
14959 22360 20150 33349 20142 44315 26114 55295 28932 66218 45557
77190 529//
21212 00007 07009 11963 09010 22937 09016 33873 07516 44850 09016
55681 10511 66652 07511 77635 08011 88616 03015 99588 04517 11539
00516 22503 36020 33486 36010 44429 12502 55417 24010 66402 23510
77377 25025 88355 26526 99349 24524 11313 19515 22296 18026 33269
20029 44171 21043
31313 09608 82100
61616 NOAA9 0409A ISAIAS       OB 10
62626 MBL WND 08010 AEV 40006 DLM WND 13505 007171 WL150 07010 08
1 REL 2576N09223W 210044 SPG 2578N09225W 211403 =

