
727 
UZNT13 KWBC 082142
XXAA  58212 99252 70876 08157 99002 29239 14031 00017 29241 14031
92708 23008 14538 85444 19438 16044 70094 10627 16543 50582 04363
16542 40755 13163 17036 30968 27522 19539 25097 36737 21521 20248
495// 19520 88999 77999
31313 09608 82123
61616 NOAA9 0909A ISAIAS       OB 22
62626 MBL WND 14034 AEV 40006 DLM WND 17037 001156 WL150 14031 08
1 REL 2519N08760W 212304 SPG 2533N08763W 213712 =
XXBB  58218 99252 70876 08157 00002 29239 11932 23404 22850 19438
33758 14450 44700 10627 55689 10456 66656 08249 77592 02650 88583
02661 99561 00160 11556 00556 22533 01373 33516 02773 44485 05757
55467 07750 66456 08710 77442 10120 88436 09962 99427 10743 11423
10761 22413 11569 33401 13163 44394 13573 55381 14969 66376 15358
77354 18948 88336 21359 99329 22739 11311 25912 22283 29550 33225
42535 44203 48756 55190 525//
21212 00002 14031 11850 16044 22592 17550 33510 16543 44371 18531
55334 17536 66305 20042 77292 19033 88259 21518 99233 20531 11202
19521 22189 21019 33156 21523
31313 09608 82123
61616 NOAA9 0909A ISAIAS       OB 22
62626 MBL WND 14034 AEV 40006 DLM WND 17037 001156 WL150 14031 08
1 REL 2519N08760W 212304 SPG 2533N08763W 213712 =

