
363 
UZNT13 KWBC 072239
XXAA  57222 99247 70965 08246 99008 27437 01513 00070 26834 01513
92756 22228 01512 85489 17203 01519 70136 12058 04514 50587 05158
32025 40759 15168 30019 30970 28985 30020 25098 38581 28026 20248
501// 27019 88999 77999
31313 09608 82220
61616 NOAA9 0409A ISAIAS       OB 17
62626 MBL WND 01514 AEV 40006 DLM WND 33513 007163 WL150 01513 08
1 REL 2467N09653W 222024 SPG 2464N09650W 223437 =
XXBB  57228 99247 70965 08246 00008 27437 11850 17203 22799 17050
33731 12456 44695 11858 55666 09231 66603 03840 77553 00708 88534
02515 99522 02560 11485 06561 22462 09558 33445 10171 44429 11958
55421 12363 66416 12959 77412 13366 88405 14363 99398 15369 11390
16748 22382 17163 33362 19576 44345 22367 55339 23156 66333 23579
77293 29584 88209 47974 99190 525//
21212 00008 01513 11955 01016 22923 01512 33905 02017 44850 01519
55807 03513 66798 06013 77762 06511 88739 04512 99706 05515 11661
01516 22620 02517 33602 00514 44587 01013 55580 35512 66458 31037
77447 32028 88425 30017 99390 30023 11382 28524 22364 30022 33344
26517 44329 30018 55314 31519 66282 29030 77237 26522 88210 28019
99169 24525 11163 25521
31313 09608 82220
61616 NOAA9 0409A ISAIAS       OB 17
62626 MBL WND 01514 AEV 40006 DLM WND 33513 007163 WL150 01513 08
1 REL 2467N09653W 222024 SPG 2464N09650W 223437 =

