
687 
UZNT13 KNHC 080450
XXAA  58058 99234 70915 08231 99997 26406 05054 00524 ///// /////
92663 23008 07553 85401 20425 10051 70053 10800 88999 77999
31313 09608 80441
61616 AF301 0509A ISAIAS             OB 27
62626 MXWNDBND MBL WND 06060 AEV 40100 DLM WND 10049 996704 WL150
 05560 081 REL 2337N09148W 044139 SPG 2338N09153W 044526 =
XXBB  58058 99234 70915 08231 00997 26406 11850 20425 22700 10800
21212 00997 05054 11991 05562 22977 06557 33967 06068 44961 06061
55952 06557 66945 07561 77933 07552 88922 08053 99917 08550 11911
08556 22899 09549 33886 10048 44871 10052 55861 10049 66850 10051
77806 11046 88790 11063 99784 11054 11778 13051 22704 13052
31313 09608 80441
61616 AF301 0509A ISAIAS             OB 27
62626 MXWNDBND MBL WND 06060 AEV 40100 DLM WND 10049 996704 WL150
 05560 081 REL 2337N09148W 044139 SPG 2338N09153W 044526 =
;

