
654 
UZNT13 KWBC 072223
XXAA  57222 99229 70970 08227 99007 28450 34526 00061 27850 34525
92749 22220 34025 85482 18825 36012 70130 11236 01009 50587 03767
33017 40759 14559 30025 30971 27787 28518 25099 38365 25529 20249
503// 28518 88999 77999
31313 09608 82205
61616 NOAA9 0409A ISAIAS       OB 15
62626 MBL WND 34526 AEV 40006 DLM WND 32514 006163 WL150 34526 08
2 REL 2292N09696W 220552 SPG 2289N09692W 222019 =
XXBB  57228 99229 70970 08227 00007 28450 11920 21817 22850 18825
33786 15013 44692 11256 55606 05656 66570 01007 77522 03711 88516
02365 99455 09762 11444 09768 22412 12763 33399 14759 44366 18772
55337 23971 66331 22783 77318 24390 88264 34779 99251 38165 11207
48576 22190 525//
21212 00007 34526 11917 34025 22892 00518 33859 00511 44850 36012
55792 01011 66747 34010 77625 02010 88597 34510 99556 34012 11533
32008 22518 33513 33496 32516 44443 35029 55415 31033 66338 27025
77315 28520 88291 28017 99263 25522 11188 29018 22174 27514 33169
24514 44163 26514
31313 09608 82205
61616 NOAA9 0409A ISAIAS       OB 15
62626 MBL WND 34526 AEV 40006 DLM WND 32514 006163 WL150 34526 08
2 REL 2292N09696W 220552 SPG 2289N09692W 222019 =

