
149 
UZNT13 KWBC 091759
XXAA  59178 99290 70868 08196 99996 25406 06555 00537 ///// /////
92648 21601 08577 85381 18214 11072 88999 77999
31313 09608 81727
61616 NOAA3 1309A ISAIAS       OB 19
62626 MBL WND 07064 AEV 40101 DLM WND 09566 995762 WL150 06057 08
0 REL 2902N08676W 172754 SPG 2903N08682W 173110 =
XXBB  59178 99290 70868 08196 00996 25406 11850 18214 22821 17030
33757 12400
21212 00996 06555 11992 06554 22987 06560 33979 06059 44970 07074
55962 07066 66958 07067 77953 07562 88944 08571 99940 08568 11930
08579 22919 08579 33914 09070 44907 09068 55898 09573 66885 10072
77878 10568 88866 10575 99850 11072 11762 11570
31313 09608 81727
61616 NOAA3 1309A ISAIAS       OB 19
62626 MBL WND 07064 AEV 40101 DLM WND 09566 995762 WL150 06057 08
0 REL 2902N08676W 172754 SPG 2903N08682W 173110 =

