
470 
UZNT13 KWBC 082058
XXAA  58212 99221 70887 08128 99004 27226 22020 00034 27027 22021
92723 24450 23026 85460 20056 23532 70110 10434 23036 50584 03362
24527 40757 15160 25529 30970 27972 26527 25098 37966 23523 20248
49556 23017 88999 77999
31313 09608 82039
61616 NOAA9 0909A ISAIAS       OB 17
62626 MBL WND 21526 AEV 40006 DLM WND 24028 003156 WL150 22023 08
1 REL 2211N08866W 203935 SPG 2216N08854W 205448 =
XXBB  58218 99221 70887 08128 00004 27226 11850 20056 22772 15031
33725 13056 44701 10433 55677 08443 66666 08450 77654 07006 88629
06223 99622 06056 11610 05057 22600 03622 33584 02859 44568 01409
55547 00112 66540 00556 77533 01149 88528 00764 99517 01784 11499
03361 22493 03767 33477 05964 44463 07384 55458 07964 66439 09972
77426 12158 88411 14362 99406 14765 11402 14959 22395 15365 33388
15357 44385 15567 55380 16167 66375 16537 77370 17332 88366 18140
99360 18968 11358 19570 22351 20734 33346 20363 44336 22387 55277
31769 66269 33580 77250 37966 88241 40156 99234 41562 11223 43750
22197 50356 33191 521//
21212 00004 22020 11982 21527 22926 23026 33850 23532 44791 24530
55682 23036 66544 25530 77504 24028 88478 26030 99420 24028 11385
26029 22287 26531 33240 22518 44223 23524 55214 22025 66202 23518
77184 20518 88164 22519 99156 25012
31313 09608 82039
61616 NOAA9 0909A ISAIAS       OB 17
62626 MBL WND 21526 AEV 40006 DLM WND 24028 003156 WL150 22023 08
1 REL 2211N08866W 203935 SPG 2216N08854W 205448 =

