
839 
UZNT13 KWBC 091718
XXAA  59178 99275 70877 08177 99997 27427 29544 00526 ///// /////
92661 23421 31555 85399 21229 30041 88999 77999
31313 09608 81702
61616 NOAA3 1309A ISAIAS       OB 14
62626 MBL WND 30054 AEV 40101 DLM WND 30048 997765 WL150 29549 08
0 REL 2748N08768W 170257 SPG 2746N08763W 170633 =
XXBB  59178 99275 70877 08177 00997 27427 11934 22204 22926 23422
33850 21229 44825 19419 55814 19642 66809 18220 77805 19040 88796
16810 99777 16424 11761 14400
21212 00997 29544 11980 29554 22976 29551 33954 30060 44904 31550
55879 31050 66850 30041 77765 27054
31313 09608 81702
61616 NOAA3 1309A ISAIAS       OB 14
62626 MBL WND 30054 AEV 40101 DLM WND 30048 997765 WL150 29549 08
0 REL 2748N08768W 170257 SPG 2746N08763W 170633 =

