
708 
UZNT13 KWBC 072138
XXAA  57212 99254 70944 08254 99007 28442 06011 00059 28036 06511
92747 22829 07016 85481 19039 06517 70128 10843 06018 50585 04922
34023 40758 15118 01020 30969 29129 26022 25098 37367 20539 20248
495// 19539 88999 77999
31313 09608 82118
61616 NOAA9 0409A ISAIAS       OB 11
62626 MBL WND 06011 AEV 40006 DLM WND 03505 006171 WL150 06011 08
1 REL 2536N09440W 211821 SPG 2534N09441W 213219 =
XXBB  57218 99254 70944 08254 00007 28442 11949 23401 22938 23638
33850 19039 44693 10447 55637 05832 66631 05650 77581 00422 88570
01258 99563 00658 11525 04337 22518 04556 33511 04728 44488 05921
55460 07550 66382 17904 77376 17926 88361 19715 99340 22356 11326
25136 22314 27358 33302 28921 44294 29757 55275 32972 66255 36167
77238 40166 88218 44957 99191 521//
21212 00007 06011 11951 05512 22942 06517 33850 06517 44811 05021
55717 06520 66617 02519 77580 36014 88506 35028 99480 34520 11454
01515 22433 00509 33426 35011 44381 02022 55371 03512 66346 28505
77339 25010 88326 25014 99322 23518 11313 23524 22301 26022 33270
22537 44199 19538 55171 20047
31313 09608 82118
61616 NOAA9 0409A ISAIAS       OB 11
62626 MBL WND 06011 AEV 40006 DLM WND 03505 006171 WL150 06011 08
1 REL 2536N09440W 211821 SPG 2534N09441W 213219 =

