
285 
UZNT13 KNHC 080040
XXAA  58008 99217 70912 08211 99002 29239 20524 00013 29239 20524
92704 23002 21526 85439 19207 23033 70095 ///// 88999 77999
31313 09608 80026
61616 AF301 0509A ISAIAS             OB 06
62626 MBL WND 21026 AEV 40100 DLM WND 22031 001708 WL150 21026 08
0 REL 2172N09121W 002624 SPG 2175N09119W 003029 =
XXBB  58008 99217 70912 08211 00002 29239 11937 23604 22850 19207
33837 19636 44773 15414 55731 13435 66702 /////
21212 00002 20524 11992 21027 22912 22524 33882 22031 44878 21527
55867 22537 66850 23033 77708 22533
31313 09608 80026
61616 AF301 0509A ISAIAS             OB 06
62626 MBL WND 21026 AEV 40100 DLM WND 22031 001708 WL150 21026 08
0 REL 2172N09121W 002624 SPG 2175N09119W 003029 =
;

