
336 
UZNT13 KNHC 091756
XXAA  59188 99284 70868 08186 99971 26006 10083 00760 ///// /////
92429 22801 11624 85166 20000 14630 70826 ///// 88999 77999
31313 09608 81733
61616 AF301 1409A ISAIAS             OB 07
62626 EYEWALL 090 MBL WND 11113 AEV 40100 DLM WND 14619 971708 WL
150 10102 080 REL 2845N08680W 173330 SPG 2856N08688W 173723 =
XXBB  59188 99284 70868 08186 00971 26006 11934 23201 22850 20000
33809 17600 44802 18424 55768 15819 66752 16244
21212 00971 10083 11970 10083 22969 10092 33966 10601 44962 09601
55959 10109 66951 10614 77946 10623 88941 11616 99932 11619 11928
11116 22924 12127 33910 12125 44907 12631 55904 12628 66902 13135
77899 13124 88896 12630 99893 12626 11891 12631 22879 13121 33871
14135 44862 14137 55854 14127 66850 14630 77708 17133
31313 09608 81733
61616 AF301 1409A ISAIAS             OB 07
62626 EYEWALL 090 MBL WND 11113 AEV 40100 DLM WND 14619 971708 WL
150 10102 080 REL 2845N08680W 173330 SPG 2856N08688W 173723 =
;

