
363 
UZNT13 KWBC 091835
XXAA  59188 99300 70879 08107 99008 23221 05535 00068 22220 05040
92742 19028 07056 85466 16043 04040 88999 77999
31313 09608 81803
61616 NOAA3 1309A ISAIAS       OB 25
62626 MBL WND 05545 AEV 40101 DLM WND 05546 007765 WL150 05540 08
0 REL 2999N08793W 180316 SPG 2997N08796W 180622 =
XXBB  59188 99300 70879 08107 00008 23221 11951 18208 22933 19230
33850 16043 44760 11004
21212 00008 05535 11005 05034 22002 05040 33992 06045 44971 05544
55955 05049 66940 06561 77897 06047 88850 04040 99765 07054
31313 09608 81803
61616 NOAA3 1309A ISAIAS       OB 25
62626 MBL WND 05545 AEV 40101 DLM WND 05546 007765 WL150 05540 08
0 REL 2999N08793W 180316 SPG 2997N08796W 180622 =

