
379 
UZNT13 KWBC 081947
XXAA  58192 99256 70947 08254 99008 28857 01024 00069 28256 01525
92756 21816 02525 85487 18034 03523 70129 10071 01518 50585 03971
29020 40756 17181 27523 30967 28787 27552 25094 39779 26547 20243
495// 27551 88999 77999
31313 09608 81927
61616 NOAA9 0909A ISAIAS       OB 09
62626 MBL WND 01525 AEV 40006 DLM WND 31017 007166 WL150 01525 08
1 REL 2555N09467W 192756 SPG 2551N09460W 194318 =
XXBB  58198 99256 70947 08254 00008 28857 11924 21615 22885 20258
33870 18828 44850 18034 55835 17858 66801 15241 77770 15466 88756
14670 99750 14063 11719 11062 22708 10473 33662 06874 44638 07491
55533 00990 66516 02966 77502 03571 88444 12760 99434 14362 11430
14372 22421 13787 33401 17182 44392 16186 55336 26175 66310 26987
77211 47977 88190 515//
21212 00008 01024 11968 02027 22940 02022 33925 02525 44850 03523
55789 02015 66752 35021 77709 36021 88678 03513 99667 03012 11659
00510 22652 34511 33646 35010 44639 32014 55620 32021 66575 31518
77564 33513 88543 31007 99534 29010 11530 31514 22516 32519 33510
30018 44500 29020 55479 30517 66446 27520 77387 27535 88344 28026
99311 27551 11234 25547 22203 27555 33192 27544 44166 23531
31313 09608 81927
61616 NOAA9 0909A ISAIAS       OB 09
62626 MBL WND 01525 AEV 40006 DLM WND 31017 007166 WL150 01525 08
1 REL 2555N09467W 192756 SPG 2551N09460W 194318 =

