
284 
UZNT13 KWBC 090610
XXAA  59068 99265 70891 08169 99000 24621 03555 00001 24621 /////
92682 22028 03564 85416 18836 04057 88999 77999
31313 09608 80550
61616 NOAA3 1109A ISAIAS       OB 12
62626 MBL WND 03561 AEV 40101 DLM WND 04058 999764 WL150 04057 08
1 REL 2647N08911W 055051 SPG 2643N08914W 055354 =
XXBB  59068 99265 70891 08169 00000 24621 11960 21407 22914 22036
33850 18836 44801 15009 55759 14840
21212 00000 03555 11990 04055 22986 04561 33979 03564 44958 03558
55948 03567 66931 03566 77876 04051 88850 04057 99764 06056
31313 09608 80550
61616 NOAA3 1109A ISAIAS       OB 12
62626 MBL WND 03561 AEV 40101 DLM WND 04058 999764 WL150 04057 08
1 REL 2647N08911W 055051 SPG 2643N08914W 055354 =

