
815 
UZNT13 KNHC 092306
XXAA  59238 99298 70868 08196 99972 27217 05018 00751 ///// /////
92441 24402 04020 85184 23016 00521 70863 ///// 88999 77999
31313 09608 82247
61616 AF301 1409A ISAIAS             OB 34
62626 CENTER MBL WND 04521 AEV 40100 DLM WND 02517 971709 WL150 0
5021 084 REL 2978N08676W 224738 SPG 2977N08677W 225047 =
XXBB  59238 99298 70868 08196 00972 27217 11875 22602 22850 23016
33721 15806 44715 18256 55703 20260
21212 00972 05018 11971 05516 22968 04019 33962 05524 44955 05020
55946 05026 66938 04517 77930 04022 88917 04019 99903 02025 11875
02018 22865 00519 33850 00521 44772 01010 55739 03010 66727 05510
77717 04511 88709 08009
31313 09608 82247
61616 AF301 1409A ISAIAS             OB 34
62626 CENTER MBL WND 04521 AEV 40100 DLM WND 02517 971709 WL150 0
5021 084 REL 2978N08676W 224738 SPG 2977N08677W 225047 =
;

