
020 
UZNT13 KWBC 082050
XXAA  58202 99221 70900 08120 99004 27429 25023 00040 27032 25024
92727 22221 26031 85460 18401 25525 70109 11050 26529 50585 03757
28030 40758 14565 27026 30970 27787 30029 25098 38177 29032 20248
491// 28511 88999 77999
31313 09608 82029
61616 NOAA9 0909A ISAIAS       OB 16
62626 MBL WND 25528 AEV 40006 DLM WND 27527 004156 WL150 25025 08
1 REL 2212N08996W 202940 SPG 2211N08983W 204427 =
XXBB  58208 99221 70900 08120 00004 27429 11908 21432 22850 18401
33750 14239 44734 12819 55700 11050 66691 10031 77626 06046 88614
04625 99607 04856 11584 03039 22566 02858 33548 01457 44536 00664
55528 00556 66504 03356 77492 03966 88477 06357 99463 07776 11453
08761 22439 09762 33436 09969 44430 10762 55422 12161 66380 16974
77372 18166 88366 18528 99356 18972 11352 19381 22350 19974 33345
20758 44328 22771 55296 28187 66249 38376 77223 43350 88201 48950
99190 515//
21212 00004 25023 11987 25028 22933 26033 33850 25525 44799 24024
55770 24523 66746 26528 77681 26529 88637 28032 99569 28031 11550
27033 22460 29034 33398 27027 44366 30028 55260 29034 66204 27012
77192 29505 88161 27512 99156 24506
31313 09608 82029
61616 NOAA9 0909A ISAIAS       OB 16
62626 MBL WND 25528 AEV 40006 DLM WND 27527 004156 WL150 25025 08
1 REL 2212N08996W 202940 SPG 2211N08983W 204427 =

