
151 
UZNT13 KWBC 092038
XXAA  59208 99295 70857 08195 99001 25615 10050 00009 25615 10050
92693 21201 11557 85425 18008 14563 88999 77999
31313 09608 82008
61616 NOAA3 1309A ISAIAS       OB 39
62626 MBL WND 10053 AEV 40101 DLM WND 13556 000762 WL150 09551 08
1 REL 2953N08568W 200849 SPG 2957N08572W 201204 =
XXBB  59208 99295 70857 08195 00001 25615 11850 18008 22833 18239
33787 14416 44758 13840
21212 00001 10050 11997 09045 22991 09554 33967 10553 44939 11058
55916 12058 66908 12554 77900 13061 88884 13556 99862 14563 11850
14563 22762 16567
31313 09608 82008
61616 NOAA3 1309A ISAIAS       OB 39
62626 MBL WND 10053 AEV 40101 DLM WND 13556 000762 WL150 09551 08
1 REL 2953N08568W 200849 SPG 2957N08572W 201204 =

