
281 
UZNT13 KWBC 081838
XXAA  58182 99280 70873 08187 99009 26825 09515 00078 26021 10513
92763 21417 10510 85493 17616 13003 70134 09201 19518 50586 04911
15013 40758 14316 17027 30971 28326 18534 25099 38334 21040 20248
507// 21555 88999 77999
31313 09608 81819
61616 NOAA9 0909A ISAIAS       OB 02
62626 MBL WND 10012 AEV 40006 DLM WND 18018 008171 WL150 10014 08
2 REL 2796N08733W 181957 SPG 2803N08733W 183306 =
XXBB  58188 99280 70873 08187 00009 26825 11930 21603 22916 21024
33850 17616 44838 17039 55786 14006 66758 13031 77735 11819 88718
10200 99638 04206 11546 00500 22531 01700 33527 03300 44455 08711
55371 17716 66321 24726 77275 32935 88231 42928 99219 45545 11191
533//
21212 00009 09515 11973 10013 22965 09510 33950 12506 44926 10510
55891 11013 66878 11005 77850 13003 88754 17010 99733 16013 11727
18511 22713 15012 33699 19518 44682 18019 55669 18519 66657 15518
77649 17519 88639 17018 99621 14513 11607 17510 22580 18531 33568
19527 44564 18523 55558 20521 66551 19012 77546 18014 88541 20514
99533 19025 11528 17019 22492 14513 33466 18019 44430 16525 55345
16530 66269 21037 77171 21059
31313 09608 81819
61616 NOAA9 0909A ISAIAS       OB 02
62626 MBL WND 10012 AEV 40006 DLM WND 18018 008171 WL150 10014 08
2 REL 2796N08733W 181957 SPG 2803N08733W 183306 =

