
571 
UZNT13 KWBC 080007
XXAA  58001 99279 70865 08176 99007 27627 07515 00062 27028 07517
92748 22219 06515 85482 18431 04511 70126 10456 35001 50584 05305
29509 40757 14512 25518 30969 29133 23032 25097 39343 24035 20245
52556 24045 15424 ///// 26065 88999 77150 26065 422//
31313 09608 82348
61616 NOAA9 0409A ISAIAS       OB 25
62626 MBL WND 08017 AEV 40006 DLM WND 26508 006149 WL150 07516 08
1 REL 2788N08654W 234823 SPG 2789N08648W 000259 =
XXBB  58008 99279 70865 08176 00007 27627 11967 24207 22850 18431
33826 16613 44764 14457 55722 11450 66688 10258 77629 04856 88577
01717 99563 00909 11485 06902 22453 07739 33424 11911 44382 16526
55306 28134 66254 38543 77198 53157 88190 547//
21212 00007 07515 11965 08018 22850 04511 33799 06511 44698 01001
55667 36010 66635 02015 77626 35016 88613 36020 99594 34519 11564
01010 22549 35002 33484 31510 44473 29016 55461 30021 66442 29027
77417 28020 88411 25520 99392 24016 11369 25008 22358 23012 33349
25516 44328 24032 55251 24035 66165 24061 77149 26565
31313 09608 82348
61616 NOAA9 0409A ISAIAS       OB 25
62626 MBL WND 08017 AEV 40006 DLM WND 26508 006149 WL150 07516 08
1 REL 2788N08654W 234823 SPG 2789N08648W 000259 =

