
000
UZNT13 KWBC 081619
XXAA  58168 99235 70902 08230 99983 25607 28058 00652 ///// /////
92535 23002 30582 85273 21423 30079 88999 77999
31313 09608 81606
61616 NOAA3 0809A ISAIAS       OB 05
62626 EYEWALL 225 MBL WND 29583 AEV 40101 DLM WND 30077 983765 WL
150 29079 079 REL 2349N09022W 160638 SPG 2346N09016W 160923 =
XXBB  58168 99235 70902 08230 00983 25607 11939 22801 22858 20400
33850 21423 44766 18230 55760 19457
21212 00983 28058 11982 28058 22979 28573 33977 28580 44966 29088
55952 30082 66938 30090 77933 30082 88921 30082 99911 30573 11894
30573 22880 30582 33874 30576 44857 30084 55850 30079 66765 29569
31313 09608 81606
61616 NOAA3 0809A ISAIAS       OB 05
62626 EYEWALL 225 MBL WND 29583 AEV 40101 DLM WND 30077 983765 WL
150 29079 079 REL 2349N09022W 160638 SPG 2346N09016W 160923 =

