
364 
UZNT13 KWBC 080453
XXAA  58058 99244 70908 08240 99005 28031 05025 00044 27633 05029
92731 22022 06528 85463 17624 08031 88999 77999
31313 09608 80444
61616 NOAA2 0609A ISAIAS       OB 01
62626 MBL WND 05532 AEV 40101 DLM WND 07031 004762 WL150 05530 08
2 REL 2435N09081W 044502 SPG 2434N09083W 044801 =
XXBB  58058 99244 70908 08240 00005 28031 11951 23203 22930 22001
33923 21830 44850 17624 55757 12816
21212 00005 05025 11999 05030 22970 05536 33949 06028 44906 07032
55850 08031 66762 07531
31313 09608 80444
61616 NOAA2 0609A ISAIAS       OB 01
62626 MBL WND 05532 AEV 40101 DLM WND 07031 004762 WL150 05530 08
2 REL 2435N09081W 044502 SPG 2434N09083W 044801 =

