
768 
UZNT13 KNHC 092035
XXAA  59208 99286 70874 08187 99991 26224 31054 00581 ///// /////
92603 20803 33074 85337 22050 31549 70011 ///// 88999 77999
31313 09608 82012
61616 AF301 1409A ISAIAS             OB 20
62626 MBL WND 32065 AEV 40100 DLM WND 31054 990710 WL150 31061 08
3 REL 2864N08744W 201302 SPG 2860N08739W 201650 =
XXBB  59208 99286 70874 08187 00991 26224 11938 21403 22888 19206
33880 21232 44850 22050 55815 23260 66730 16656 77705 148//
21212 00991 31054 11983 31062 22970 31562 33964 32068 44943 32567
55938 32573 66917 33079 77884 33068 88869 32052 99850 31549 11766
28048 22710 29048
31313 09608 82012
61616 AF301 1409A ISAIAS             OB 20
62626 MBL WND 32065 AEV 40100 DLM WND 31054 990710 WL150 31061 08
3 REL 2864N08744W 201302 SPG 2860N08739W 201650 =
;

