
658 
UZNT13 KNHC 081449
XXAA  58157 99227 70890 08129 99005 28034 18034 00042 27630 17535
92730 23244 21042 85465 19237 21039 70/// ///// ///// 88999 77999
31313 09608 81442
61616 AF305 0709A ISAIAS             OB 20
62626 MBL WND 18538 AEV 40100 DLM WND 20041 004697 WL150 17536 08
2 SPG 2271N08895W 144617 =
XXBB  58158 99227 70890 08129 00005 28034 11974 25017 22961 25241
33931 22827 44922 23456 55850 19237 66819 18456 77777 14834 88756
14056
21212 00005 18034 11965 19041 22924 21042 33850 21039
31313 09608 81442
61616 AF305 0709A ISAIAS             OB 20
62626 MBL WND 18538 AEV 40100 DLM WND 20041 004697 WL150 17536 08
2 SPG 2271N08895W 144617 =
;

