
776 
UZNT13 KNHC 091342
XXAA  59148 99258 70874 08157 99002 27229 22534 00020 27029 23034
92706 21604 23539 85439 18818 25043 70091 ///// 88999 77999
31313 09608 81330
61616 AF309 1209A ISAIAS             OB 39
62626 MBL WND 23540 AEV 40100 DLM WND 24541 001710 WL150 23038 08
1 REL 2579N08742W 133111 SPG 2581N08738W 133501 =
XXBB  59148 99258 70874 08157 00002 27229 11920 21203 22850 18818
33808 16434 44777 17658 55703 12256
21212 00002 22534 11998 23034 22989 23041 33918 23039 44898 23543
55878 24040 66850 25043 77795 26545 88733 23042 99710 23546
31313 09608 81330
61616 AF309 1209A ISAIAS             OB 39
62626 MBL WND 23540 AEV 40100 DLM WND 24541 001710 WL150 23038 08
1 REL 2579N08742W 133111 SPG 2581N08738W 133501 =
;

