
499 
UZNT13 KWBC 082029
XXAA  58202 99234 70921 08232 99005 28050 29011 00042 27650 29513
92729 22024 31518 85460 18850 32521 70108 10856 33024 50584 03588
32524 40757 12569 30528 30970 28171 30021 25098 38379 29035 20248
505// 27029 88999 77999
31313 09608 82010
61616 NOAA9 0909A ISAIAS       OB 14
62626 MBL WND 30515 AEV 40006 DLM WND 31024 004163 WL150 29513 08
1 REL 2340N09206W 201023 SPG 2333N09197W 202442 =
XXBB  58208 99234 70921 08232 00005 28050 11881 18808 22850 18850
33716 12458 44646 07443 55624 06861 66600 04056 77590 03662 88577
01631 99554 00662 11532 01564 22527 01380 33520 01590 44486 05786
55471 06968 66460 07188 77442 08965 88408 11373 99393 13767 11371
16789 22362 17977 33355 18962 44342 20562 55283 31182 66208 48370
77190 531//
21212 00005 29011 11977 30516 22936 32017 33850 32521 44795 32523
55730 34520 66692 33024 77658 34026 88609 32034 99560 32029 11536
30531 22492 32523 33436 29029 44413 30533 55362 30535 66295 30020
77248 29036 88203 27028 99169 28019 11163 26515
31313 09608 82010
61616 NOAA9 0909A ISAIAS       OB 14
62626 MBL WND 30515 AEV 40006 DLM WND 31024 004163 WL150 29513 08
1 REL 2340N09206W 201023 SPG 2333N09197W 202442 =

