
630 
UZNT13 KWBC 081935
XXAA  58198 99237 70891 08139 99995 27226 19048 00545 ///// /////
92642 21801 19564 85376 19000 21064 70031 ///// 88999 77999
31313 09608 81925
61616 NOAA3 0809A ISAIAS       OB 26
62626 MBL WND 19064 AEV 40101 DLM WND 21063 994706 WL150 19057 08
0 REL 2372N08907W 192539 SPG 2378N08903W 192938 =
XXBB  58198 99237 70891 08139 00995 27226 11929 21801 22850 19000
33788 16618 44746 13400 55733 14430 66701 13250
21212 00995 19048 11989 18551 22980 19564 33961 19066 44955 19570
55924 19564 66905 20071 77880 20563 88874 20566 99850 21064 11706
22558
31313 09608 81925
61616 NOAA3 0809A ISAIAS       OB 26
62626 MBL WND 19064 AEV 40101 DLM WND 21063 994706 WL150 19057 08
0 REL 2372N08907W 192539 SPG 2378N08903W 192938 =

