
350 
UZNT13 KWBC 081720
XXAA  58178 99230 70895 08139 99002 27425 22541 00014 27226 22541
92701 22211 24044 85434 18614 23041 88999 77999
31313 09608 81704
61616 NOAA3 0809A ISAIAS       OB 10
62626 MBL WND 23041 AEV 40101 DLM WND 23544 001767 WL150 23038 08
1 REL 2300N08955W 170439 SPG 2303N08951W 170746 =
XXBB  58178 99230 70895 08139 00002 27425 11954 23405 22850 18614
33787 14802 44762 14022
21212 00002 22541 11992 23035 22988 23040 33957 23545 44946 24042
55927 24044 66910 24041 77898 24046 88850 23041 99767 23552
31313 09608 81704
61616 NOAA3 0809A ISAIAS       OB 10
62626 MBL WND 23041 AEV 40101 DLM WND 23544 001767 WL150 23038 08
1 REL 2300N08955W 170439 SPG 2303N08951W 170746 =

