
030 
UZNT13 KNHC 092125
XXAA  59218 99301 70879 11707 99999 22632 02060 00505 ///// /////
92669 18220 04076 85396 16617 05063 70039 ///// 88999 77999
31313 09608 82106
61616 AF301 1409A ISAIAS             OB 26
62626 MBL WND 02563 AEV 40100 DLM WND 04555 999708 WL150 02062 08
2 REL 3006N08788W 210623 SPG 3002N08793W 211014 =
XXBB  59218 99301 70879 11707 00999 22632 11931 17609 22900 19229
33850 16617 44813 16643 55774 13648 66755 11818
21212 00999 02060 11990 02063 22971 03056 33965 02562 44934 03577
55913 04075 66900 04066 77887 04062 88850 05063 99776 07052 11741
06044 22708 06022
31313 09608 82106
61616 AF301 1409A ISAIAS             OB 26
62626 MBL WND 02563 AEV 40100 DLM WND 04555 999708 WL150 02062 08
2 REL 3006N08788W 210623 SPG 3002N08793W 211014 =
;

