
602 
UZNT13 KWBC 081847
XXAA  58192 99280 70886 08188 99008 26632 12508 00067 25831 13010
92752 22650 14022 85484 18656 15523 70126 09856 12015 50584 05511
02507 40757 14317 16013 30969 28527 19524 25097 38336 20041 20247
509// 20050 88999 77999
31313 09608 81830
61616 NOAA9 0909A ISAIAS       OB 03
62626 MBL WND 13514 AEV 40006 DLM WND 16514 007171 WL150 13510 08
1 REL 2798N08864W 183008 SPG 2804N08866W 184327 =
XXBB  58198 99280 70886 08188 00008 26632 11955 24258 22936 23036
33850 18656 44688 09250 55599 00804 66522 03712 77406 13716 88297
28729 99228 43529 11218 46346 22191 535//
21212 00008 12508 11995 14011 22981 13516 33914 14024 44850 15523
55783 16520 66737 12513 77674 10516 88596 01510 99588 02511 11566
34015 22524 00511 33478 00000 44451 14511 55390 16013 66379 18514
77367 16017 88353 18518 99328 19520 11313 18526 22277 20035 33171
19556
31313 09608 81830
61616 NOAA9 0909A ISAIAS       OB 03
62626 MBL WND 13514 AEV 40006 DLM WND 16514 007171 WL150 13510 08
1 REL 2798N08864W 183008 SPG 2804N08866W 184327 =

