
057 
UZNT13 KWBC 071945
XXAA  57192 99255 70853 08155 99007 26823 26518 00065 26222 27019
92752 23237 27016 85485 18416 24515 70128 09206 22519 50586 04737
22512 40758 13917 23012 30971 28356 29506 25099 38758 31012 20249
507// 25519 88999 77999
31313 09608 81926
61616 NOAA9 0409A ISAIAS       OB 02
62626 MBL WND 27018 AEV 40006 DLM WND 24514 007188 WL150 27019 08
1 REL 2547N08530W 192604 SPG 2548N08525W 193901 =
XXBB  57198 99255 70853 08155 00007 26823 11984 25013 22952 24846
33850 18416 44781 14630 55685 08201 66581 02419 77520 03319 88507
04356 99494 05514 11486 06150 22449 09156 33443 09561 44435 10156
55420 11356 66392 15308 77370 17344 88356 19723 99324 23935 11312
26326 22306 27157 33296 29156 44291 29763 55275 32763 66256 37362
77244 39938 88234 42140 99194 523//
21212 00007 26518 11992 27520 22982 27516 33897 26013 44869 26017
55850 24515 66826 23019 77746 23521 88728 22018 99714 23015 11642
22016 22594 25013 33507 23513 44490 22012 55448 23017 66417 24510
77404 22513 88394 24012 99358 22510 11351 25010 22303 30504 33287
32012 44275 30512 55252 31511 66218 26517 77188 26527
31313 09608 81926
61616 NOAA9 0409A ISAIAS       OB 02
62626 MBL WND 27018 AEV 40006 DLM WND 24514 007188 WL150 27019 08
1 REL 2547N08530W 192604 SPG 2548N08525W 193901 =

