
803 
UZNT13 KWBC 082038
XXAA  58202 99226 70911 08221 99005 28656 28021 00041 28256 27522
92729 22223 29023 85461 18630 30522 70109 11456 29529 50585 03788
30529 40757 15361 28528 30970 27788 30526 25099 38179 28532 20248
499// 29528 88999 77999
31313 09608 82020
61616 NOAA9 0909A ISAIAS       OB 15
62626 MBL WND 28022 AEV 40006 DLM WND 30026 004163 WL150 28022 08
1 REL 2257N09114W 202002 SPG 2251N09103W 203450 =
XXBB  58208 99226 70911 08221 00005 28656 11912 21223 22850 18630
33821 16825 44806 16656 55666 09857 66581 02639 77574 02859 88568
02650 99554 01460 11522 02162 22511 02789 33499 03985 44495 04166
55485 04974 66451 08173 77400 15360 88387 15762 99377 15587 11356
18970 22340 20978 33328 23166 44296 28387 55209 47575 66191 527//
21212 00005 28021 11850 30522 22806 31025 33747 28522 44681 29029
55625 31533 66585 30029 77565 31532 88503 31029 99407 28027 11390
28024 22353 32024 33230 28534 44177 29012 55163 26010
31313 09608 82020
61616 NOAA9 0909A ISAIAS       OB 15
62626 MBL WND 28022 AEV 40006 DLM WND 30026 004163 WL150 28022 08
1 REL 2257N09114W 202002 SPG 2251N09103W 203450 =

