
710 
UZNT13 KNHC 090521
XXAA  59058 99256 70888 08158 99983 25601 33567 00649 ///// /////
92537 21600 34601 85272 19800 35582 70937 ///// 88999 77999
31313 09608 80450
61616 AF307 1009A ISAIAS             OB 03
62626 EYEWALL 270 MBL WND 34091 AEV 40100 DLM WND 35079 983709 WL
150 33078 080 REL 2561N08878W 045039 SPG 2552N08876W 045451 =
XXBB  59058 99256 70888 08158 00983 25601 11923 21400 22850 19800
33704 14000
21212 00983 33567 11975 33070 22970 33087 33966 33596 44956 34094
55948 34103 66940 34594 77936 34599 88928 34597 99920 34604 11915
34600 22905 35102 33899 35093 44891 35594 55874 35586 66850 35582
77779 00575 88709 35558
31313 09608 80450
61616 AF307 1009A ISAIAS             OB 03
62626 EYEWALL 270 MBL WND 34091 AEV 40100 DLM WND 35079 983709 WL
150 33078 080 REL 2561N08878W 045039 SPG 2552N08876W 045451 =
;

