
056 
UZNT13 KNHC 100055
XXAA  59238 99293 70871 08197 99992 25245 33553 00566 ///// /////
92615 19409 34071 85341 16002 36057 70002 ///// 88999 77999
31313 09608 82301
61616 AF301 1409A ISAIAS             OB 37
62626 MBL WND 33562 AEV 40100 DLM WND 33051 992711 WL150 34055 08
0 REL 2930N08711W 230122 SPG 2925N08708W 230522 =
XXBB  59238 99293 70871 08197 00992 25245 11906 18002 22867 17818
33850 16002 44849 15802 55841 19650 66795 18856 77743 15041 88733
17458 99706 14650
21212 00992 33553 11971 33055 22958 33568 33950 33565 44936 34076
55930 34070 66920 34575 77913 34568 88908 35076 99899 35078 11877
35071 22866 34560 33862 35062 44856 35052 55850 36057 66842 35041
77823 32550 88768 30535 99745 30538 11728 27045 22711 27048
31313 09608 82301
61616 AF301 1409A ISAIAS             OB 37
62626 MBL WND 33562 AEV 40100 DLM WND 33051 992711 WL150 34055 08
0 REL 2930N08711W 230122 SPG 2925N08708W 230522 =
;

