
587 
UZNT13 KWBC 072155
XXAA  57222 99239 70954 08235 99006 28848 03514 00049 28245 03514
92737 22844 04516 85471 18625 03016 70116 10637 03019 50585 04704
32022 40757 14512 32023 30970 28335 29523 25098 37383 27537 20249
485// 23027 88999 77999
31313 09608 82133
61616 NOAA9 0409A ISAIAS       OB 12
62626 MBL WND 03515 AEV 40006 DLM WND 34013 005163 WL150 03515 08
1 REL 2390N09537W 213355 SPG 2384N09534W 214740 =
XXBB  57228 99239 70954 08235 00006 28848 11950 23814 22942 23847
33905 22056 44878 20023 55850 18625 66808 16650 77766 13828 88739
12856 99728 12025 11698 10438 22676 08407 33662 08456 44634 06650
55619 06260 66562 00526 77485 05902 88474 06531 99447 08336 11401
14312 22326 23530 33292 29140 44281 31184 55276 31787 66212 45580
77191 513//
21212 00006 03514 11850 03016 22795 03518 33770 01519 44683 03021
55636 01027 66609 02518 77520 33030 88486 32021 99427 34019 11401
32022 22383 33526 33343 29522 44305 29520 55263 27038 66237 28037
77163 19530
31313 09608 82133
61616 NOAA9 0409A ISAIAS       OB 12
62626 MBL WND 03515 AEV 40006 DLM WND 34013 005163 WL150 03515 08
1 REL 2390N09537W 213355 SPG 2384N09534W 214740 =

