
946 
UZNT13 KWBC 080750
XXAA  58078 99232 70914 08231 99983 28021 06041 00653 ///// /////
92539 23801 09533 85280 22828 09038 70961 ///// 88999 77999
31313 09608 80729
61616 NOAA2 0609A ISAIAS       OB 25
62626 CENTER MBL WND 08032 AEV 40101 DLM WND 08529 982707 WL150 0
7035 082 REL 2317N09137W 072944 SPG 2317N09140W 073325 =
XXBB  58078 99232 70914 08231 00983 28021 11899 22203 22850 22828
33801 23057 44722 15421 55710 16646 66702 15638
21212 00983 06041 11974 07033 22961 08031 33953 08034 44937 09029
55896 09537 66885 09533 77865 09034 88855 09041 99850 09038 11838
10037 22768 06517 33739 09518 44728 09017 55707 12019
31313 09608 80729
61616 NOAA2 0609A ISAIAS       OB 25
62626 CENTER MBL WND 08032 AEV 40101 DLM WND 08529 982707 WL150 0
7035 082 REL 2317N09137W 072944 SPG 2317N09140W 073325 =

