
519 
UZNT13 KWBC 072317
XXAA  57232 99279 70941 08274 99009 28050 05022 00084 27250 05522
92769 21019 05521 85500 18658 08014 70142 10260 07010 50585 03989
30518 40756 17582 30526 30966 31369 26037 25094 38382 24039 20244
501// 23534 88999 77999
31313 09608 82258
61616 NOAA9 0409A ISAIAS       OB 21
62626 MBL WND 05022 AEV 40006 DLM WND 30007 009156 WL150 05522 08
1 REL 2792N09414W 225829 SPG 2791N09409W 231255 =
XXBB  57238 99279 70941 08274 00009 28050 11935 21613 22893 21058
33850 18658 44798 15860 55783 15866 66775 15261 77705 10661 88647
04857 99618 01406 11595 01120 22584 00679 33565 00284 44519 04180
55498 04189 66311 29180 77301 31368 88289 31984 99234 41381 11203
49176 22190 527//
21212 00009 05022 11940 05522 22886 05513 33850 08014 44745 05013
55710 07512 66672 07512 77653 06510 88632 01506 99588 30011 11567
34018 22552 34017 33531 31021 44512 32019 55496 30018 66485 31518
77463 30019 88432 31517 99418 30023 11395 31025 22287 24540 33173
22540 44156 23536
31313 09608 82258
61616 NOAA9 0409A ISAIAS       OB 21
62626 MBL WND 05022 AEV 40006 DLM WND 30007 009156 WL150 05522 08
1 REL 2792N09414W 225829 SPG 2791N09409W 231255 =

