
167 
UZNT13 KWBC 082229
XXAA  58221 99259 70906 08250 99003 26616 03021 00025 26213 03022
92710 21407 04531 85442 18005 05528 70088 10032 05522 50582 02900
00512 40755 14934 30015 30969 27187 26521 25097 37948 22509 20247
49956 18022 15427 ///// 23530 88999 77999
31313 09608 82210
61616 NOAA9 0909A ISAIAS       OB 27
62626 MBL WND 03528 AEV 40006 DLM WND 04011 002148 WL150 03524 08
0 REL 2588N09062W 221006 SPG 2586N09063W 222532 =
XXBB  58228 99259 70906 08250 00003 26616 11850 18005 22815 16401
33807 17030 44751 13201 55698 10034 66682 09006 77646 06801 88604
02808 99484 03900 11468 05500 22460 09100 33441 08702 44419 11925
55414 12357 66396 14912 77384 17508 88371 17556 99367 17916 11364
18315 22356 18556 33350 18386 44325 21984 55296 27982 66288 28960
77283 29959 88261 35349 99235 41956 11226 44129 22195 51557 33190
529//
21212 00003 03021 11986 03527 22948 04033 33850 05528 44788 07523
55646 05518 66632 06520 77609 05026 88563 05523 99541 01532 11514
35525 22499 00512 33480 35517 44473 00515 55468 36018 66465 34021
77457 00515 88451 35016 99447 00516 11425 30510 22421 31012 33413
29014 44399 30514 55391 33010 66387 31510 77383 33006 88370 27011
99361 25013 11339 27524 22331 27030 33297 26521 44287 23514 55251
22509 66235 23510 77203 16519 88190 19520 99155 22027 11148 24032
31313 09608 82210
61616 NOAA9 0909A ISAIAS       OB 27
62626 MBL WND 03528 AEV 40006 DLM WND 04011 002148 WL150 03524 08
0 REL 2588N09062W 221006 SPG 2586N09063W 222532 =

