
369 
UZNT13 KWBC 071807
XXAA  57188 99225 70933 08223 99997 26817 10525 00530 ///// /////
92657 22826 11023 85395 20005 15019 70050 ///// 88999 77999
31313 09608 81757
61616 NOAA3 0309A ISAIAS       OB 09
62626 CENTER MBL WND 10525 AEV 40101 DLM WND 13014 996708 WL150 1
0026 081 REL 2251N09328W 175717 SPG 2252N09329W 180051 =
XXBB  57188 99225 70933 08223 00997 26817 11947 23415 22888 22416
33850 20005 44704 11600
21212 00997 10525 11975 10528 22964 10524 33921 11524 44909 12511
55895 14007 66874 14015 77850 15019 88812 16514 99796 14512 11789
16010 22777 15512 33766 18015 44754 15510 55746 16512 66740 14512
77708 12504
31313 09608 81757
61616 NOAA3 0309A ISAIAS       OB 09
62626 CENTER MBL WND 10525 AEV 40101 DLM WND 13014 996708 WL150 1
0026 081 REL 2251N09328W 175717 SPG 2252N09329W 180051 =

