
647 
UZNT13 KWBC 090643
XXAA  59078 99259 70893 08159 99999 26038 36045 00509 ///// /////
92674 22038 01569 85406 18829 00562 88999 77999
31313 09608 80633
61616 NOAA3 1109A ISAIAS       OB 16
62626 MBL WND 01063 AEV 40101 DLM WND 01059 998764 WL150 00560 08
1 REL 2590N08928W 063401 SPG 2585N08928W 063659 =
XXBB  59078 99259 70893 08159 00999 26038 11938 21421 22850 18829
33759 14422
21212 00999 36045 11998 36046 22994 00560 33992 00563 44981 00565
55972 00558 66965 01066 77943 01066 88935 01071 99916 01064 11873
00566 22850 00562 33764 00543
31313 09608 80633
61616 NOAA3 1109A ISAIAS       OB 16
62626 MBL WND 01063 AEV 40101 DLM WND 01059 998764 WL150 00560 08
1 REL 2590N08928W 063401 SPG 2585N08928W 063659 =

