
596 
UZNT13 KWBC 080647
XXAA  58078 99237 70921 08232 99004 26821 04037 00036 26422 04040
92721 22029 04050 85453 19657 02539 70100 ///// 88999 77999
31313 09608 80635
61616 NOAA2 0609A ISAIAS       OB 19
62626 MBL WND 04046 AEV 40101 DLM WND 03042 003712 WL150 04043 08
4 REL 2375N09212W 063556 SPG 2371N09215W 063939 =
XXBB  58078 99237 70921 08232 00004 26821 11965 23203 22946 23441
33878 19433 44850 19657 55812 18257 66708 09400
21212 00004 04037 11987 03548 22968 03543 33953 04050 44906 04052
55873 02542 66850 02539 77819 01040 88712 02037
31313 09608 80635
61616 NOAA2 0609A ISAIAS       OB 19
62626 MBL WND 04046 AEV 40101 DLM WND 03042 003712 WL150 04043 08
4 REL 2375N09212W 063556 SPG 2371N09215W 063939 =

