
337 
UZNT13 KNHC 091755
XXAA  59188 99284 70868 08186 99969 25804 10087 00781 ///// /////
92408 23200 11631 85146 20000 14629 70812 ///// 88999 77999
31313 09608 81732
61616 AF301 1409A ISAIAS             OB 06
62626 EYEWALL 090 MBL WND 11118 AEV 40100 DLM WND 15117 968707 WL
150 10100 078 REL 2841N08684W 173245 SPG 2854N08692W 173715 =
XXBB  59188 99284 70868 08186 00969 25804 11850 20000 22814 18000
33795 19633 44722 14411
21212 00969 10087 11968 10087 22967 10594 33966 10097 44957 10599
55952 11121 66948 10619 77944 11627 88938 11633 99926 11632 11921
12117 22917 12110 33911 12119 44903 12615 55896 12633 66891 13125
77888 13134 88883 13637 99880 13636 11874 13628 22865 14633 33850
14629 44707 18631
31313 09608 81732
61616 AF301 1409A ISAIAS             OB 06
62626 EYEWALL 090 MBL WND 11118 AEV 40100 DLM WND 15117 968707 WL
150 10100 078 REL 2841N08684W 173245 SPG 2854N08692W 173715 =
;

