
135 
UZNT13 KWBC 091730
XXAA  59178 99283 70872 08187 99963 28211 11520 00837 ///// /////
92360 27221 10531 85109 23417 08519 88999 77999
31313 09608 81715
61616 NOAA3 1309A ISAIAS       OB 16
62626 CENTER MBL WND 11027 AEV 40101 DLM WND 09517 962764 WL150 1
2024 081 REL 2830N08721W 171530 SPG 2830N08723W 171756 =
XXBB  59178 99283 70872 08187 00963 28211 11850 23417 22822 21408
33812 24056 44758 22858
21212 00963 11520 11952 12524 22943 11529 33937 11027 44929 11033
55914 09026 66896 09519 77873 09525 88859 09019 99850 08519 11830
07522 22817 08514 33812 10010 44764 20006
31313 09608 81715
61616 NOAA3 1309A ISAIAS       OB 16
62626 CENTER MBL WND 11027 AEV 40101 DLM WND 09517 962764 WL150 1
2024 081 REL 2830N08721W 171530 SPG 2830N08723W 171756 =

