
564 
UZNT13 KWBC 081956
XXAA  58202 99244 70947 08244 99007 29246 01017 00061 28846 01018
92751 23033 01020 85484 18241 01013 70125 09463 32520 50585 04192
30524 40757 14386 27034 30969 28580 27544 25096 39373 26044 20245
505// 27047 88999 77999
31313 09608 81937
61616 NOAA9 0909A ISAIAS       OB 10
62626 MBL WND 00520 AEV 40006 DLM WND 30522 006163 WL150 01018 08
1 REL 2438N09470W 193757 SPG 2432N09461W 195151 =
XXBB  58208 99244 70947 08244 00007 29246 11943 23815 22850 18241
33793 14450 44782 15462 55757 14665 66707 10062 77673 09072 88651
07468 99646 07260 11629 05444 22580 01462 33563 00878 44550 00473
55527 01965 66511 03191 77481 05777 88431 13759 99424 13177 11419
12983 22397 14584 33356 21162 44334 23176 55300 28580 66209 48365
77191 523//
21212 00007 01017 11943 01022 22850 01013 33805 02512 44771 35526
55700 32520 66649 32532 77572 31528 88556 29529 99530 31527 11508
29523 22476 30015 33417 28535 44400 27034 55383 28527 66236 26551
77179 27535 88163 26028
31313 09608 81937
61616 NOAA9 0909A ISAIAS       OB 10
62626 MBL WND 00520 AEV 40006 DLM WND 30522 006163 WL150 01018 08
1 REL 2438N09470W 193757 SPG 2432N09461W 195151 =

