
684 
UZNT13 KWBC 080657
XXAA  58078 99243 70926 08242 99005 27248 06024 00048 26846 06524
92734 23257 04028 85467 18445 04025 70108 ///// 88999 77999
31313 09608 80647
61616 NOAA2 0609A ISAIAS       OB 21
62626 MBL WND 05525 AEV 40101 DLM WND 03525 005706 WL150 06524 08
0 REL 2433N09264W 064717 SPG 2430N09266W 065120 =
XXBB  58078 99243 70926 08242 00005 27248 11970 24441 22962 25459
33952 25459 44879 19429 55850 18445 66797 14222 77740 12850 88702
10242
21212 00005 06024 11942 04027 22877 04531 33850 04025 44776 01521
55706 01029
31313 09608 80647
61616 NOAA2 0609A ISAIAS       OB 21
62626 MBL WND 05525 AEV 40101 DLM WND 03525 005706 WL150 06524 08
0 REL 2433N09264W 064717 SPG 2430N09266W 065120 =

