
920 
UZNT13 KNHC 092122
XXAA  59218 99290 70869 08196 99965 27016 20058 00815 ///// /////
92377 28256 21581 85133 30866 22600 70842 ///// 88999 77999
31313 09608 82042
61616 AF301 1409A ISAIAS             OB 22
62626 MXWNDBND MBL WND 21079 AEV 40100 DLM WND 22590 965707 WL150
 20573 079 REL 2897N08690W 204304 SPG 2903N08682W 204639 =
XXBB  59218 99290 70869 08196 00965 27016 11936 24806 22929 26234
33923 29458 44911 30461 55871 27860 66850 30866 77775 25865 88752
23062 99725 23668
21212 00965 20058 11958 20069 22953 21084 33946 21076 44940 21584
55921 21582 66908 21589 77888 21591 88870 21588 99850 22600 11707
24599
31313 09608 82042
61616 AF301 1409A ISAIAS             OB 22
62626 MXWNDBND MBL WND 21079 AEV 40100 DLM WND 22590 965707 WL150
 20573 079 REL 2897N08690W 204304 SPG 2903N08682W 204639 =
;

