
059 
UZNT13 KWBC 081908
XXAA  58192 99277 70912 08271 99007 25009 05536 00059 24409 05539
92742 21001 06542 85473 17800 04040 70118 09650 06019 50584 04387
30506 40756 17567 26515 30967 27759 20534 25095 38568 20538 20245
509// 19040 88999 77999
31313 09608 81850
61616 NOAA9 0909A ISAIAS       OB 05
62626 MBL WND 06540 AEV 40006 DLM WND 08509 006171 WL150 05538 08
1 REL 2766N09118W 185017 SPG 2767N09122W 190405 =
XXBB  58198 99277 70912 08271 00007 25009 11850 17800 22785 14800
33778 15029 44738 11603 55731 12044 66672 08458 77656 08273 88648
07677 99614 04279 11596 03257 22577 01231 33567 02256 44528 02356
55505 03789 66434 12585 77397 17967 88384 19363 99376 19950 11358
20968 22351 21343 33338 22756 44331 23520 55327 23944 66322 24577
77312 25369 88297 28359 99288 29976 11264 35378 22251 38368 33236
42156 44218 45956 55191 535//
21212 00007 05536 11001 05539 22980 06038 33973 06543 44967 06539
55953 07046 66943 07041 77929 06540 88918 06546 99905 06036 11897
06042 22884 04542 33873 05033 44863 04032 55850 04040 66710 06522
77671 06518 88633 03519 99600 06011 11596 07513 22568 09024 33539
08517 44532 09511 55515 36002 66427 29511 77376 23021 88362 23525
99338 19531 11268 21039 22203 19039 33171 20050
31313 09608 81850
61616 NOAA9 0909A ISAIAS       OB 05
62626 MBL WND 06540 AEV 40006 DLM WND 08509 006171 WL150 05538 08
1 REL 2766N09118W 185017 SPG 2767N09122W 190405 =

