
496 
UZNT13 KWBC 082135
XXAA  58212 99249 70865 08146 99005 29242 17524 00047 28841 17029
92738 24044 18041 85474 19233 17535 70120 10639 17538 50585 05527
18037 40757 14121 19029 30970 27967 20531 25099 37356 19020 20249
501// 20011 88999 77999
31313 09608 82114
61616 NOAA9 0909A ISAIAS       OB 21
62626 MBL WND 17032 AEV 40006 DLM WND 18531 005156 WL150 17028 08
1 REL 2487N08653W 211405 SPG 2499N08653W 212857 =
XXBB  58218 99249 70865 08146 00005 29242 11850 19233 22775 13603
33754 13836 44662 08248 55573 00812 66560 00256 77545 01507 88507
04738 99496 05704 11486 06123 22468 07705 33450 08348 44439 09544
55432 10356 66395 14914 77360 18716 88352 19540 99330 23135 11313
25159 22304 27160 33300 27967 44287 30350 55246 38156 66204 48957
77191 529//
21212 00005 17524 11000 17029 22991 16528 33983 17032 44977 17029
55972 16534 66963 17033 77929 18041 88865 17539 99850 17535 11770
18534 22638 17032 33552 18536 44520 17037 55436 20028 66391 18531
77361 20534 88333 19029 99296 20533 11280 19026 22216 21020 33198
19510 44191 20012 55186 23014 66178 25016 77162 23020 88156 24525
31313 09608 82114
61616 NOAA9 0909A ISAIAS       OB 21
62626 MBL WND 17032 AEV 40006 DLM WND 18531 005156 WL150 17028 08
1 REL 2487N08653W 211405 SPG 2499N08653W 212857 =

