
952 
UZNT13 KWBC 072048
XXAA  57212 99255 70886 08158 99008 28030 27009 00073 27229 27509
92761 22826 29011 85495 18836 26507 70139 09824 24011 50586 04742
20518 40759 14314 18509 30972 28135 21011 25100 38325 21522 20249
511// 23029 88999 77999
31313 09608 82031
61616 NOAA9 0409A ISAIAS       OB 08
62626 MBL WND 28509 AEV 40006 DLM WND 23011 007171 WL150 27509 08
1 REL 2553N08861W 203146 SPG 2557N08858W 204442 =
XXBB  57218 99255 70886 08158 00008 28030 11921 22425 22885 21056
33850 18836 44841 18450 55808 15610 66669 08236 77578 00001 88531
03102 99494 04741 11477 06714 22425 11311 33329 22931 44272 33530
55220 45546 66191 537//
21212 00008 27009 11962 29510 22929 29011 33850 26507 44784 22512
55747 24011 66693 23511 77643 25510 88535 23012 99512 19018 11496
20517 22486 18514 33465 18010 44375 21510 55327 20010 66290 21510
77269 24015 88252 21020 99228 23526 11219 22531 22171 24032
31313 09608 82031
61616 NOAA9 0409A ISAIAS       OB 08
62626 MBL WND 28509 AEV 40006 DLM WND 23011 007171 WL150 27509 08
1 REL 2553N08861W 203146 SPG 2557N08858W 204442 =

