
938 
UZNT13 KWBC 091702
XXAA  59168 99280 70891 08189 99004 26850 01031 00039 26648 01031
92722 21042 02540 85453 17856 00537 88999 77999
31313 09608 81628
61616 NOAA3 1309A ISAIAS       OB 12
62626 MBL WND 01531 AEV 40101 DLM WND 01538 004764 WL150 01529 08
1 REL 2796N08913W 162903 SPG 2792N08914W 163208 =
XXBB  59168 99280 70891 08189 00004 26850 11948 21817 22897 21260
33850 17856 44786 12203 55760 11800
21212 00004 01031 11992 01527 22976 02033 33953 01533 44937 02040
55925 02540 66909 01551 77850 00537 88764 02036
31313 09608 81628
61616 NOAA3 1309A ISAIAS       OB 12
62626 MBL WND 01531 AEV 40101 DLM WND 01538 004764 WL150 01529 08
1 REL 2796N08913W 162903 SPG 2792N08914W 163208 =

