
202 
UZNT13 KNHC 091003
XXAA  59108 99262 70880 08168 99978 26008 27571 00701 ///// /////
92488 23205 29597 85227 20604 30088 70/// ///// 88999 77999
31313 09608 80947
61616 AF309 1209A ISAIAS             OB 13
62626 EYEWALL 225 MBL WND 29091 AEV 40100 DLM WND 29586 977711 WL
150 28077 083 SPG 2621N08793W 095029 =
XXBB  59108 99262 70880 08168 00978 26008 11850 20604 22832 19601
33816 22242 44765 20046 55718 15213
21212 00978 27571 11963 28082 22954 28600 33948 29098 44940 29603
55935 29599 66914 30094 77889 30094 88863 30085 99850 30088
31313 09608 80947
61616 AF309 1209A ISAIAS             OB 13
62626 EYEWALL 225 MBL WND 29091 AEV 40100 DLM WND 29586 977711 WL
150 28077 083 SPG 2621N08793W 095029 =
;

