
000
UZNT13 KNHC 092141
XXAA  59228 99288 70877 08187 99998 25435 34039 00515 ///// /////
92667 19802 33546 85397 19438 34044 70050 ///// 88999 77999
31313 09608 82130
61616 AF301 1409A ISAIAS             OB 28
62626 MBL WND 33043 AEV 40100 DLM WND 33041 997709 WL150 33038 08
5 REL 2880N08769W 213015 SPG 2876N08767W 213425 =
XXBB  59228 99288 70877 08187 00998 25435 11895 18203 22869 20656
33850 19438 44792 15402 55771 15813
21212 00998 34039 11984 33037 22975 32545 33966 32546 44928 33543
55917 33048 66913 33554 77905 34059 88869 34042 99850 34044 11782
34035 22767 32527 33709 29535
31313 09608 82130
61616 AF301 1409A ISAIAS             OB 28
62626 MBL WND 33043 AEV 40100 DLM WND 33041 997709 WL150 33038 08
5 REL 2880N08769W 213015 SPG 2876N08767W 213425 =
;
