
298 
UZNT13 KWBC 072306
XXAA  57232 99277 70959 08275 99010 28650 05521 00087 27849 05021
92773 21418 05521 85505 19663 06017 70146 09850 06005 50586 05586
32018 40757 17381 30023 30967 31575 26034 25094 39180 25038 20243
503// 25538 88999 77999
31313 09608 82245
61616 NOAA9 0409A ISAIAS       OB 20
62626 MBL WND 05522 AEV 40006 DLM WND 31009 009156 WL150 05021 08
1 REL 2773N09594W 224555 SPG 2772N09588W 230021 =
XXBB  57238 99277 70959 08275 00010 28650 11920 21020 22870 20663
33850 19663 44723 11060 55707 10059 66696 09642 77642 04246 88628
03864 99615 02237 11601 00627 22593 02079 33584 01881 44511 05777
55481 06186 66391 18780 77360 21781 88348 23964 99335 26165 11324
27959 22302 31766 33297 31582 44275 33784 55203 49775 66190 527//
21212 00010 05521 11895 05524 22876 04520 33850 06017 44818 07517
55790 06015 66767 07013 77737 05012 88709 07010 99700 06005 11674
03510 22663 04012 33639 00513 44628 33515 55601 29014 66579 34013
77544 30522 88508 30518 99501 32018 11481 30014 22438 30015 33380
30027 44315 25535 55284 26539 66276 25041 77263 24039 88245 25540
99156 26034
31313 09608 82245
61616 NOAA9 0409A ISAIAS       OB 20
62626 MBL WND 05522 AEV 40006 DLM WND 31009 009156 WL150 05021 08
1 REL 2773N09594W 224555 SPG 2772N09588W 230021 =

