
603 
UZNT13 KWBC 080726
XXAA  58078 99232 70923 08232 99001 26431 02044 00013 26232 02044
92697 21837 01055 85430 20057 00545 70081 ///// 88999 77999
31313 09608 80716
61616 NOAA2 0609A ISAIAS       OB 23
62626 MBL WND 01551 AEV 40101 DLM WND 36044 001706 WL150 01045 08
1 REL 2318N09227W 071704 SPG 2314N09227W 072053 =
XXBB  58078 99232 70923 08232 00001 26431 11919 21234 22850 20057
33738 14248 44701 10625
21212 00001 02044 11960 02053 22951 01560 33918 01056 44894 36045
55850 00545 66749 33535 77706 34034
31313 09608 80716
61616 NOAA2 0609A ISAIAS       OB 23
62626 MBL WND 01551 AEV 40101 DLM WND 36044 001706 WL150 01045 08
1 REL 2318N09227W 071704 SPG 2314N09227W 072053 =

