
000
UZNT13 KNHC 081529
XXAA  58157 99233 70896 08139 99998 27830 18047 00522 ///// /////
92666 22216 19566 85400 18605 20070 70/// ///// ///// 88999 77999
31313 09608 81456
61616 AF305 0709A ISAIAS             OB 22
62626 EYEWALL 135 MBL WND 18559 AEV 40100 DLM WND 19566 997697 WL
150 18555 082 SPG 2336N08961W 150007 =
XXBB  58158 99233 70896 08139 00998 27830 11937 23005 22850 18605
33806 16603 44784 15643 55704 11037
21212 00998 18047 11990 18557 22979 18056 33974 18062 44964 18557
55946 18565 66935 18562 77930 19566 88907 19566 99901 19571 11890
19573 22866 20068 33850 20070
31313 09608 81456
61616 AF305 0709A ISAIAS             OB 22
62626 EYEWALL 135 MBL WND 18559 AEV 40100 DLM WND 19566 997697 WL
150 18555 082 SPG 2336N08961W 150007 =
;
