
794 
UZNT13 KWBC 080639
XXAA  58068 99232 70917 08231 99990 26602 36049 00586 ///// /////
92602 23004 02584 85339 19801 03557 70006 ///// 88999 77999
31313 09608 80626
61616 NOAA2 0609A ISAIAS       OB 18
62626 MXWNDBND MBL WND 00582 AEV 40101 DLM WND 03064 989708 WL150
 36076 086 REL 2324N09168W 062626 SPG 2318N09172W 063018 =
XXBB  58068 99232 70917 08231 00990 26602 11961 23602 22850 19801
33825 20414 44704 14200
21212 00990 36049 11989 36052 22987 36065 33986 36069 44978 36083
55968 36089 66963 00588 77959 00583 88950 00590 99940 01079 11930
02085 22923 02583 33917 02587 44905 02080 55900 02583 66895 03076
77880 03571 88867 03559 99861 03061 11855 03057 22850 03557 33827
03551 44779 04070 55708 05046
31313 09608 80626
61616 NOAA2 0609A ISAIAS       OB 18
62626 MXWNDBND MBL WND 00582 AEV 40101 DLM WND 03064 989708 WL150
 36076 086 REL 2324N09168W 062626 SPG 2318N09172W 063018 =

