
902 
UZNT13 KNHC 081248
XXAA  58127 99236 70907 08230 99990 26007 01567 00590 ///// /////
92598 22605 04566 85333 19207 05060 70994 114// 08036 88999 77999
31313 09608 81149
61616 AF305 0709A ISAIAS             OB 05
62626 MBL WND 03565 AEV 40100 DLM WND 05557 989697 WL150 02562 08
3 SPG 2357N09077W 115341 =
XXBB  58128 99236 70907 08230 00990 26007 11850 19207
21212 00990 01567 11981 02558 22974 03067 33964 03563 44956 03572
55944 04069 66939 04563 77905 05066 88850 05060 99739 08059
31313 09608 81149
61616 AF305 0709A ISAIAS             OB 05
62626 MBL WND 03565 AEV 40100 DLM WND 05557 989697 WL150 02562 08
3 SPG 2357N09077W 115341 =
;

