
663 
UZNT13 KNHC 091723
XXAA  59178 99284 70883 08188 99999 25221 00546 00510 ///// /////
92670 20002 02061 85401 18209 04051 70047 ///// 88999 77999
31313 09608 81709
61616 AF301 1409A ISAIAS             OB 02
62626 MBL WND 01060 AEV 40100 DLM WND 03050 998710 WL150 00554 08
0 REL 2839N08833W 170949 SPG 2835N08836W 171341 =
XXBB  59178 99284 70883 08188 00999 25221 11945 20602 22850 18209
33781 14823 44768 14850 55731 11826
21212 00999 00546 11989 00557 22985 01053 33980 01557 44974 01055
55961 01065 66947 01569 77931 01560 88912 02064 99850 04051 11782
04547 22710 02532
31313 09608 81709
61616 AF301 1409A ISAIAS             OB 02
62626 MBL WND 01060 AEV 40100 DLM WND 03050 998710 WL150 00554 08
0 REL 2839N08833W 170949 SPG 2835N08836W 171341 =
;

