
666 
UZNT13 KNHC 081417
XXAA  58147 99224 70915 08221 99006 27850 32020 00051 27445 32521
92737 22027 32527 85469 18238 33035 70/// ///// ///// 88999 77999
31313 09608 81406
61616 AF305 0709A ISAIAS             OB 18
62626 MBL WND 32521 AEV 40100 DLM WND 33031 005698 WL150 32521 08
1 SPG 2238N09152W 141056 =
XXBB  58148 99224 70915 08221 00006 27850 11953 23413 22915 21433
33856 18016 44850 18238 55744 12639 66711 09604 77706 10418
21212 00006 32020 11949 32021 22926 32027 33899 32527 44850 33035
55775 33537
31313 09608 81406
61616 AF305 0709A ISAIAS             OB 18
62626 MBL WND 32521 AEV 40100 DLM WND 33031 005698 WL150 32521 08
1 SPG 2238N09152W 141056 =
;

