
250 
UZNT13 KWBC 091624
XXAA  59168 99281 70870 08187 99975 26005 09570 00721 ///// /////
92468 23001 11609 85206 19800 13106 88999 77999
31313 09608 81601
61616 NOAA3 1309A ISAIAS       OB 06
62626 MBL WND 10600 AEV 40101 DLM WND 12603 975763 WL150 10091 07
8 REL 2811N08701W 160122 SPG 2817N08709W 160432 =
XXBB  59168 99281 70870 08187 00975 26005 11850 19800 22759 15203
21212 00975 09570 11974 09571 22972 09581 33969 10081 44966 10101
55964 09607 66958 10094 77945 10110 88939 11102 99934 11109 11922
11607 22915 11612 33902 12104 44889 12607 55885 12601 66871 13103
77866 13108 88850 13106 99763 14610
31313 09608 81601
61616 NOAA3 1309A ISAIAS       OB 06
62626 MBL WND 10600 AEV 40101 DLM WND 12603 975763 WL150 10091 07
8 REL 2811N08701W 160122 SPG 2817N08709W 160432 =

