
800 
UZNT13 KWBC 072329
XXAA  57232 99279 70923 08272 99009 28245 05518 00083 27247 05022
92768 21842 05020 85499 17839 06013 70138 10259 04013 50585 05388
28514 40757 16584 28522 30967 30927 24033 25094 38338 22560 20244
509// 21564 88999 66156 22569 404//
31313 09608 82311
61616 NOAA9 0409A ISAIAS       OB 22
62626 MBL WND 05521 AEV 40006 DLM WND 26008 009156 WL150 05520 08
0 REL 2788N09228W 231102 SPG 2790N09222W 232512 =
XXBB  57238 99279 70923 08272 00009 28245 11936 21403 22931 21203
33925 21843 44911 21650 55850 17839 66783 13826 77755 12056 88741
11857 99725 11669 11717 11459 22696 10261 33598 00141 44592 01071
55583 01682 66551 00085 77504 05382 88489 05187 99375 19186 11326
26778 22303 30950 33298 30918 44278 33536 55243 39737 66204 49950
77191 531//
21212 00009 05518 11000 05022 22991 05519 33980 06023 44956 05520
55946 05523 66902 04016 77890 06014 88850 06013 99769 06511 11745
08011 22712 04514 33646 02516 44628 35013 55597 33015 66583 33001
77569 33510 88556 31013 99542 30519 11516 28015 22438 31022 33411
30023 44390 27522 55381 28023 66320 26535 77298 24033 88253 22560
99229 21058 11156 22569
31313 09608 82311
61616 NOAA9 0409A ISAIAS       OB 22
62626 MBL WND 05521 AEV 40006 DLM WND 26008 009156 WL150 05520 08
0 REL 2788N09228W 231102 SPG 2790N09222W 232512 =

