
129 
UZNT13 KNHC 090948
XXAA  59107 99266 70878 08167 99974 26009 03588 00736 ///// /////
92453 23002 05595 85191 21432 06078 70855 14000 11581 88999 77999
31313 09608 80938
61616 AF309 1209A ISAIAS             OB 11
62626 EYEWALL 045 MBL WND 04593 AEV 40100 DLM WND 07082 973696 WL
150 04088 085 REL 2663N08785W 093819 SPG 2662N08796W 094232 =
XXBB  59108 99266 70878 08167 00974 26009 11909 22203 22872 22043
33850 21432 44744 14802 55695 13600
21212 00974 03588 11966 04090 22961 04085 33951 04596 44944 05090
55933 05102 66919 05592 77915 05598 88910 06099 99904 06092 11894
06087 22863 06584 33850 06078 44696 11583
31313 09608 80938
61616 AF309 1209A ISAIAS             OB 11
62626 EYEWALL 045 MBL WND 04593 AEV 40100 DLM WND 07082 973696 WL
150 04088 085 REL 2663N08785W 093819 SPG 2662N08796W 094232 =
;

