
042 
UZNT13 KNHC 081130
XXAA  58117 99252 70916 08251 99004 28056 06524 00039 27656 06525
92725 21829 06029 85456 18247 05024 70101 09028 05018 88999 77999
31313 09608 81120
61616 AF305 0709A ISAIAS             OB 02
62626 MBL WND 06525 AEV 40100 DLM WND 05523 004697 WL150 06525 08
1 REL 2519N09159W 112002 SPG 2517N09161W 112400 =
XXBB  58118 99252 70916 08251 00004 28056 11927 21828 22850 18247
33760 14856 44697 08425
21212 00004 06524 11980 06523 22923 06029 33850 05024 44825 05524
55764 03519 66697 05018
31313 09608 81120
61616 AF305 0709A ISAIAS             OB 02
62626 MBL WND 06525 AEV 40100 DLM WND 05523 004697 WL150 06525 08
1 REL 2519N09159W 112002 SPG 2517N09161W 112400 =
;

