
386 
UZNT13 KWBC 072005
XXAA  57202 99229 70857 08125 99008 29248 21513 00067 28850 20514
92757 23436 21515 85492 18621 20516 70140 10456 20014 50587 04157
20003 40760 14163 15501 30972 28162 08010 25100 38363 06505 20250
509// 32533 88999 77999
31313 09608 81947
61616 NOAA9 0409A ISAIAS       OB 04
62626 MBL WND 20515 AEV 40006 DLM WND 21005 007179 WL150 21014 08
1 REL 2289N08571W 194720 SPG 2290N08571W 200038 =
XXBB  57208 99229 70857 08125 00008 29248 11850 18621 22828 18450
33769 14218 44738 13450 55685 09444 66667 08660 77650 06845 88624
04838 99610 04258 11586 02633 22564 00833 33551 00056 44520 02550
55455 07963 66416 12364 77408 12960 88376 16569 99341 21960 11309
26766 22301 28160 33298 28365 44227 43765 55190 533//
21212 00008 21513 11977 20015 22901 22016 33850 20516 44654 20510
55252 09003 66243 03510 77238 01011 88232 01012 99222 32019 11216
30529 22204 33532 33179 31548
31313 09608 81947
61616 NOAA9 0409A ISAIAS       OB 04
62626 MBL WND 20515 AEV 40006 DLM WND 21005 007179 WL150 21014 08
1 REL 2289N08571W 194720 SPG 2290N08571W 200038 =

