
222 
UZNT13 KWBC 082022
XXAA  58202 99240 70927 08242 99005 28245 31506 00042 27843 30008
92729 21607 30510 85461 18010 34017 70107 10856 34025 50584 03587
31020 40757 14563 29530 30970 28186 29029 25098 37977 27532 20247
505// 26028 88999 77999
31313 09608 82003
61616 NOAA9 0909A ISAIAS       OB 13
62626 MBL WND 29509 AEV 40006 DLM WND 30520 004163 WL150 30008 08
1 REL 2402N09268W 200329 SPG 2397N09259W 201759 =
XXBB  58208 99240 70927 08242 00005 28245 11924 21607 22850 18010
33797 15208 44777 15256 55763 14844 66758 14858 77751 13834 88740
13250 99722 11620 11703 11257 22678 09639 33666 09460 44625 06057
55618 05860 66610 05878 77587 04285 88579 03481 99571 02260 11557
00259 22548 00276 33532 01177 44526 01764 55512 02390 66475 05978
77423 12762 88415 12161 99392 15764 11387 15788 22358 18573 33347
19190 44270 33384 55208 48370 66190 531//
21212 00005 31506 11981 29510 22850 34017 33829 34517 44731 33021
55687 34024 66659 33522 77633 31018 88601 32018 99555 30018 11509
31519 22446 31526 33417 29030 44370 31033 55355 30040 66337 28529
77243 27531 88208 25526 99180 26522 11163 25024
31313 09608 82003
61616 NOAA9 0909A ISAIAS       OB 13
62626 MBL WND 29509 AEV 40006 DLM WND 30520 004163 WL150 30008 08
1 REL 2402N09268W 200329 SPG 2397N09259W 201759 =

