
903 
UZNT13 KWBC 071954
XXAA  57202 99241 70855 08145 99008 29250 23508 00069 28642 23008
92759 23642 23015 85493 18840 23013 70138 10257 21012 50587 04356
21510 40759 14357 18506 30972 28363 11506 25100 38168 35008 20250
503// 31528 88999 77999
31313 09608 81937
61616 NOAA9 0409A ISAIAS       OB 03
62626 MBL WND 22511 AEV 40006 DLM WND 22507 007179 WL150 23009 08
1 REL 2408N08553W 193727 SPG 2408N08551W 195020 =
XXBB  57208 99241 70855 08145 00008 29250 11952 24821 22850 18840
33836 18250 44826 17222 55707 10657 66659 07657 77654 07249 88644
07262 99621 06061 11611 04856 22604 04460 33588 02850 44579 02259
55568 01259 66552 00550 77537 01158 88505 04146 99457 07763 11400
14357 22389 15165 33382 15565 44361 18964 55356 19756 66349 20750
77316 25559 88280 31566 99240 40567 11226 43961 22190 529//
21212 00008 23508 11922 22515 22850 23013 33691 21013 44629 18510
55501 21510 66324 22502 77240 35507 88231 36010 99215 31518 11207
32027 22179 28534
31313 09608 81937
61616 NOAA9 0409A ISAIAS       OB 03
62626 MBL WND 22511 AEV 40006 DLM WND 22507 007179 WL150 23009 08
1 REL 2408N08553W 193727 SPG 2408N08551W 195020 =

