
295 
UZNT13 KWBC 092029
XXAA  59208 99292 70853 08195 99003 27430 12543 00027 27230 12543
92715 22613 15555 85450 20245 16054 88999 77999
31313 09608 82003
61616 NOAA3 1309A ISAIAS       OB 38
62626 MBL WND 13550 AEV 40101 DLM WND 15552 002764 WL150 12546 08
1 REL 2925N08533W 200345 SPG 2929N08535W 200655 =
XXBB  59208 99292 70853 08195 00003 27430 11909 21609 22850 20245
33806 17856 44760 13832
21212 00003 12543 11998 12543 22981 13053 33963 13550 44952 14555
55915 15553 66892 16056 77861 16051 88850 16054 99764 17557
31313 09608 82003
61616 NOAA3 1309A ISAIAS       OB 38
62626 MBL WND 13550 AEV 40101 DLM WND 15552 002764 WL150 12546 08
1 REL 2925N08533W 200345 SPG 2929N08535W 200655 =

