
539 
UZNT13 KNHC 091409
XXAA  59148 99275 70858 08175 99001 28433 13041 00012 28233 13041
92701 22815 16059 85436 19228 17058 70087 ///// 88999 77999
31313 09608 81359
61616 AF309 1209A ISAIAS             OB 41
62626 MBL WND 14551 AEV 40100 DLM WND 16556 001708 WL150 14545 08
0 REL 2749N08584W 135953 SPG 2755N08585W 140347 =
XXBB  59148 99275 70858 08175 00001 28433 11850 19228 22819 18242
33773 14206 44719 12850 55703 11631
21212 00001 13041 11997 14040 22993 14546 33980 14551 44962 14551
55951 15560 66937 15557 77864 17062 88850 17058 99708 18560
31313 09608 81359
61616 AF309 1209A ISAIAS             OB 41
62626 MBL WND 14551 AEV 40100 DLM WND 16556 001708 WL150 14545 08
0 REL 2749N08584W 135953 SPG 2755N08585W 140347 =
;

