
137 
UZNT13 KWBC 081937
XXAA  58192 99256 70936 08253 99007 28445 02024 00058 27841 02526
92745 22021 02030 85477 18230 03024 70120 09225 04013 50585 04189
30005 40756 17179 28025 30967 28785 27052 25095 39376 25548 20244
493// 27037 88999 77999
31313 09608 81919
61616 NOAA9 0909A ISAIAS       OB 08
62626 MBL WND 01525 AEV 40006 DLM WND 31514 006171 WL150 02026 08
1 REL 2565N09364W 191935 SPG 2562N09359W 193335 =
XXBB  58198 99256 70936 08253 00007 28445 11933 22004 22850 18230
33685 08235 44677 08056 55669 08268 66660 07462 77648 07070 88642
06662 99626 06889 11621 06274 22615 05850 33567 01057 44559 01082
55524 03183 66504 03590 77468 08387 88458 09970 99449 10980 11436
12766 22421 15166 33398 16986 44375 18786 55337 24369 66306 27786
77217 45577 88190 515//
21212 00007 02024 11996 02028 22965 01524 33933 01531 44850 03024
55739 02014 66682 04011 77657 03006 88634 01011 99616 33511 11603
35514 22575 34518 33566 35017 44526 31014 55495 31504 66472 28010
77444 28521 88417 27014 99393 28029 11378 27036 22349 29033 33320
28036 44301 27052 55214 26047 66197 27036 77171 22521
31313 09608 81919
61616 NOAA9 0909A ISAIAS       OB 08
62626 MBL WND 01525 AEV 40006 DLM WND 31514 006171 WL150 02026 08
1 REL 2565N09364W 191935 SPG 2562N09359W 193335 =

