
237 
UZNT13 KWBC 090750
XXAA  59088 99262 70879 08167 99979 26207 08064 00684 ///// /////
92503 22401 09593 85239 20216 11594 88999 77999
31313 09608 80742
61616 NOAA3 1109A ISAIAS       OB 22
62626 MXWNDBND MBL WND 09085 AEV 40101 DLM WND 11591 979757 WL150
 08579 079 REL 2625N08795W 074257 SPG 2628N08802W 074549 =
XXBB  59088 99262 70879 08167 00979 26207 11943 23002 22850 20216
33783 17003 44772 16628 55753 14606
21212 00979 08064 11978 08065 22977 08073 33973 08573 44970 09084
55967 09086 66961 09584 77946 09591 88935 09585 99927 09593 11910
10596 22873 10590 33850 11594 44757 14608
31313 09608 80742
61616 NOAA3 1109A ISAIAS       OB 22
62626 MXWNDBND MBL WND 09085 AEV 40101 DLM WND 11591 979757 WL150
 08579 079 REL 2625N08795W 074257 SPG 2628N08802W 074549 =

