
358 
UZNT13 KWBC 091651
XXAA  59168 99280 70882 08188 99998 25815 36036 00518 ///// /////
92665 20400 36067 85397 18606 02053 88999 77999
31313 09608 81617
61616 NOAA3 1309A ISAIAS       OB 10
62626 MBL WND 35556 AEV 40101 DLM WND 01054 997765 WL150 35048 08
0 REL 2795N08825W 161801 SPG 2791N08826W 162118 =
XXBB  59168 99280 70882 08188 00998 25815 11942 21000 22850 18606
33800 17430 44773 17436 55760 18258
21212 00998 36036 11997 36036 22992 35051 33987 35053 44979 35550
55962 36064 66946 36059 77938 36062 88932 36060 99926 36067 11918
00569 22902 01060 33884 02064 44850 02053 55765 02037
31313 09608 81617
61616 NOAA3 1309A ISAIAS       OB 10
62626 MBL WND 35556 AEV 40101 DLM WND 01054 997765 WL150 35048 08
0 REL 2795N08825W 161801 SPG 2791N08826W 162118 =

