
353 
UZNT13 KNHC 090906
XXAA  59098 99263 70877 08167 99974 25807 11090 00735 ///// /////
92453 22601 13613 85190 20000 16111 70/// ///// 88999 77999
31313 09608 80837
61616 AF309 1209A ISAIAS             OB 05
62626 EYEWALL 090 MBL WND 13107 AEV 40100 DLM WND 16099 973709 WL
150 12105 083 SPG 2636N08777W 084133 =
XXBB  59098 99263 70877 08167 00974 25807 11850 20000 22716 13400
21212 00974 11090 11972 11087 22969 12103 33962 12106 44955 13118
55949 13105 66944 13102 77940 13108 88934 13603 99924 13614 11916
14116 22910 14110 33908 14118 44906 14120 55896 14121 66890 14608
77886 15125 88881 15117 99879 15105 11876 15598 22875 16102 33874
15618 44870 15609 55863 15612 66860 16108 77854 16115 88850 16111
99738 18090
31313 09608 80837
61616 AF309 1209A ISAIAS             OB 05
62626 EYEWALL 090 MBL WND 13107 AEV 40100 DLM WND 16099 973709 WL
150 12105 083 SPG 2636N08777W 084133 =
;

