
480 
UZNT13 KWBC 091805
XXAA  59188 99297 70863 08196 99006 24818 07043 00053 24213 06549
92732 19606 08560 85459 16201 10556 88999 77999
31313 09608 81739
61616 NOAA3 1309A ISAIAS       OB 21
62626 MBL WND 07052 AEV 40101 DLM WND 09555 005765 WL150 06550 08
3 REL 2972N08629W 173946 SPG 2973N08634W 174244 =
XXBB  59188 99297 70863 08196 00006 24818 11973 21801 22850 16201
33761 12800
21212 00006 07043 11005 07041 22999 06550 33994 06553 44977 07049
55970 07055 66965 07553 77954 08059 88944 08557 99913 08564 11903
09058 22881 09557 33871 10550 44850 10556 55765 13067
31313 09608 81739
61616 NOAA3 1309A ISAIAS       OB 21
62626 MBL WND 07052 AEV 40101 DLM WND 09555 005765 WL150 06550 08
3 REL 2972N08629W 173946 SPG 2973N08634W 174244 =

