
721 
UZNT13 KNHC 092034
XXAA  59208 99279 70859 08175 99001 28241 19539 00011 28241 19539
92699 22619 20559 85433 18825 21060 70085 ///// 88999 77999
31313 09608 81938
61616 AF301 1409A ISAIAS             OB 19
62626 MBL WND 20053 AEV 40100 DLM WND 20560 001712 WL150 19547 08
1 REL 2794N08587W 193821 SPG 2800N08584W 194219 =
XXBB  59208 99279 70859 08175 00001 28241 11896 20610 22850 18825
33810 18858 44719 12050
21212 00001 19539 11997 20041 22993 19550 33979 20055 44969 20053
55963 20058 66850 21060 77712 21060
31313 09608 81938
61616 AF301 1409A ISAIAS             OB 19
62626 MBL WND 20053 AEV 40100 DLM WND 20560 001712 WL150 19547 08
1 REL 2794N08587W 193821 SPG 2800N08584W 194219 =
;

