
859 
UZNT13 KNHC 081326
XXAA  58137 99242 70895 08149 99003 25809 06016 00029 25610 06516
92715 22401 13525 85448 18400 13527 70/// ///// ///// 88999 77999
31313 09608 81316
61616 AF305 0709A ISAIAS             OB 13
62626 MBL WND 10014 AEV 40100 DLM WND 14526 003697 WL150 06519 08
1 SPG 2426N08949W 132111 =
XXBB  58138 99242 70895 08149 00003 25809 11906 21800 22872 18401
33850 18400 44811 16223 55788 14602 66712 10609
21212 00003 06016 11990 06021 22975 11019 33966 12013 44960 14513
55952 15520 66936 14026 77913 13526 88901 13533 99864 14032 11850
13527 22840 13527 33819 16030
31313 09608 81316
61616 AF305 0709A ISAIAS             OB 13
62626 MBL WND 10014 AEV 40100 DLM WND 14526 003697 WL150 06519 08
1 SPG 2426N08949W 132111 =
;

