
765 
UZNT13 KWBC 091843
XXAA  59188 99293 70876 08197 99998 24607 03558 00516 ///// /////
92665 19800 04571 85393 17000 05575 88999 77999
31313 09608 81815
61616 NOAA3 1309A ISAIAS       OB 27
62626 MBL WND 03566 AEV 40101 DLM WND 05066 998765 WL150 03062 08
0 REL 2933N08763W 181602 SPG 2930N08768W 181856 =
XXBB  59188 99293 70876 08197 00998 24607 11958 21403 22850 17000
33760 12002
21212 00998 03558 11996 03562 22976 03563 33972 03568 44967 03565
55958 04067 66949 04074 77930 04075 88925 04571 99902 04572 11894
05067 22859 05072 33853 05578 44850 05575 55765 07054
31313 09608 81815
61616 NOAA3 1309A ISAIAS       OB 27
62626 MBL WND 03566 AEV 40101 DLM WND 05066 998765 WL150 03062 08
0 REL 2933N08763W 181602 SPG 2930N08768W 181856 =

