
461 
UZNT13 KNHC 081321
XXAA  58137 99247 70889 08148 99005 23804 05021 00042 23205 05023
92723 20602 08029 85455 18002 14034 70/// ///// ///// 88999 77999
31313 09608 81304
61616 AF305 0709A ISAIAS             OB 12
62626 MBL WND 06029 AEV 40100 DLM WND 13529 004697 WL150 05026 08
1 SPG 2474N08896W 130740 =
XXBB  58138 99247 70889 08148 00005 23804 11850 18002 22761 14000
33704 10000
21212 00005 05021 11994 05029 22985 05526 33970 06532 44909 08029
55903 08027 66899 11522 77878 12536 88868 13032 99856 13544 11850
14034 22840 13539 33813 16542 44766 16552
31313 09608 81304
61616 AF305 0709A ISAIAS             OB 12
62626 MBL WND 06029 AEV 40100 DLM WND 13529 004697 WL150 05026 08
1 SPG 2474N08896W 130740 =
;

