
979 
UZNT13 KNHC 091226
XXAA  59128 99270 70873 08177 99969 26605 12577 00776 ///// /////
92414 23403 14624 85153 20800 17616 70817 ///// 88999 77999
31313 09608 81205
61616 AF309 1209A ISAIAS             OB 29
62626 EYEWALL 090 MBL WND 14115 AEV 40100 DLM WND 17109 969708 WL
150 13603 077 REL 2697N08727W 120540 SPG 2707N08728W 120914 =
XXBB  59128 99270 70873 08177 00969 26605 11942 24003 22850 20800
33703 13207
21212 00969 12577 11967 13081 22964 13601 33960 14104 44954 14125
55951 14129 66947 13627 77940 14108 88921 15128 99909 16119 11895
16128 22891 16622 33885 16624 44878 16615 55850 17616 66708 19612
31313 09608 81205
61616 AF309 1209A ISAIAS             OB 29
62626 EYEWALL 090 MBL WND 14115 AEV 40100 DLM WND 17109 969708 WL
150 13603 077 REL 2697N08727W 120540 SPG 2707N08728W 120914 =
;

