
712 
UZNT13 KWBC 090541
XXAA  59068 99255 70882 08158 99983 26412 18560 00651 ///// /////
92538 23003 21075 85277 22436 21088 88999 77999
31313 09608 80531
61616 NOAA3 1109A ISAIAS       OB 09
62626 MBL WND 20076 AEV 40101 DLM WND 20582 983763 WL150 19071 07
9 REL 2548N08822W 053119 SPG 2555N08818W 053425 =
XXBB  59068 99255 70882 08158 00983 26412 11873 21203 22850 22436
33833 22856 44759 18256
21212 00983 18560 11982 18561 22981 18568 33978 19066 44975 19072
55971 19072 66965 19583 77960 20074 88954 20582 99945 20078 11933
20579 22922 21073 33907 20574 44890 20579 55874 20579 66850 21088
77763 22090
31313 09608 80531
61616 NOAA3 1109A ISAIAS       OB 09
62626 MBL WND 20076 AEV 40101 DLM WND 20582 983763 WL150 19071 07
9 REL 2548N08822W 053119 SPG 2555N08818W 053425 =

