
572 
UZNT13 KWBC 072354
XXAA  58001 99279 70885 08178 99009 27849 05020 00082 27045 05522
92767 21000 04519 85497 16806 02005 70136 10061 04008 50585 05978
30020 40757 14913 23513 30969 29333 22528 25096 39541 23039 20245
52157 23047 15424 ///// 25570 88999 77150 25570 433//
31313 09608 82335
61616 NOAA9 0409A ISAIAS       OB 24
62626 MBL WND 04522 AEV 40006 DLM WND 25508 008149 WL150 05522 08
2 REL 2790N08848W 233556 SPG 2792N08841W 235018 =
XXBB  58008 99279 70885 08178 00009 27849 11933 21204 22850 16806
33762 12622 44745 12643 55738 12660 66714 11059 77648 07696 88579
00878 99543 01184 11491 06978 22481 05589 33463 08380 44448 11363
55437 12569 66426 15157 77422 12926 88416 12918 99384 17306 11331
23927 22264 36339 33223 45942 44198 52758 55190 545//
21212 00009 05020 11005 05523 22943 04019 33930 04021 44895 05510
55874 04004 66850 02005 77595 01005 88569 30511 99549 29516 11538
31513 22508 30022 33485 27521 44431 30020 55418 26018 66394 22012
77376 24018 88346 22015 99337 20518 11299 22529 22286 21027 33266
23530 44229 22036 55180 22056 66149 25569
31313 09608 82335
61616 NOAA9 0409A ISAIAS       OB 24
62626 MBL WND 04522 AEV 40006 DLM WND 25508 008149 WL150 05522 08
2 REL 2790N08848W 233556 SPG 2792N08841W 235018 =

