
476 
UZNT13 KWBC 091910
XXAA  59198 99284 70870 08187 99963 27215 20057 00835 ///// /////
92358 26848 22089 85119 33268 24603 88999 77999
31313 09608 81831
61616 NOAA3 1309A ISAIAS       OB 30
62626 MBL WND 21582 AEV 40101 DLM WND 23596 962764 WL150 21072 08
1 REL 2844N08701W 183201 SPG 2850N08693W 183519 =
XXBB  59198 99284 70870 08187 00963 27215 11932 25827 22909 27857
33899 32264 44889 32064 55873 34469 66854 32267 77850 33268 88760
27669
21212 00963 20057 11957 20570 22952 21071 33948 21085 44924 22089
55916 22086 66909 22087 77899 22098 88884 22594 99870 23103 11857
24097 22850 24603 33764 24611
31313 09608 81831
61616 NOAA3 1309A ISAIAS       OB 30
62626 MBL WND 21582 AEV 40101 DLM WND 23596 962764 WL150 21072 08
1 REL 2844N08701W 183201 SPG 2850N08693W 183519 =

