
485 
UZNT13 KNHC 080151
XXAA  58028 99218 70932 08213 99004 29239 32520 00034 28845 32522
92723 22829 32028 85456 18823 31526 70109 ///// 88999 77999
31313 09608 80138
61616 AF301 0509A ISAIAS             OB 14
62626 MBL WND 32025 AEV 40100 DLM WND 31527 003706 WL150 32024 08
0 REL 2175N09321W 013840 SPG 2173N09318W 014236 =
XXBB  58028 99218 70932 08213 00004 29239 11944 23813 22896 21239
33850 18823 44766 14835 55744 15659 66701 12858
21212 00004 32520 11991 32026 22950 31525 33887 32030 44850 31526
55733 32031 66706 30526
31313 09608 80138
61616 AF301 0509A ISAIAS             OB 14
62626 MBL WND 32025 AEV 40100 DLM WND 31527 003706 WL150 32024 08
0 REL 2175N09321W 013840 SPG 2173N09318W 014236 =
;

