
000 
UZNT13 KWBC 091815
XXAA  59188 99300 70866 11706 99008 24616 05542 00067 23815 06048
92746 19201 07558 85472 15408 09556 88999 77999
31313 09608 81748
61616 NOAA3 1309A ISAIAS       OB 22
62626 MBL WND 06551 AEV 40101 DLM WND 08553 007762 WL150 06046 08
1 REL 3000N08658W 174842 SPG 3000N08664W 175205 =
XXBB  59188 99300 70866 11706 00008 24616 11965 21002 22850 15408
33758 11200
21212 00008 05542 11003 05548 22993 06545 33985 06550 44973 06550
55965 06559 66956 07055 77950 07559 88934 07559 99929 07555 11921
08059 22914 08053 33887 09061 44850 09556 55762 10046
31313 09608 81748
61616 NOAA3 1309A ISAIAS       OB 22
62626 MBL WND 06551 AEV 40101 DLM WND 08553 007762 WL150 06046 08
1 REL 3000N08658W 174842 SPG 3000N08664W 175205 =

