
481 
UZNT13 KWBC 071633
XXAA  57168 99241 70925 08242 99010 26014 03513 00084 25012 03513
92767 21614 06517 85499 18416 09018 70142 ///// 88999 77999
31313 09608 81621
61616 NOAA3 0309A ISAIAS       OB 01
62626 MBL WND 05014 AEV 40101 DLM WND 08515 009708 WL150 03513 08
2 REL 2407N09247W 162120 SPG 2407N09249W 162502 =
XXBB  57168 99241 70925 08242 00010 26014 11850 18416 22765 13009
33740 12635 44703 09807
21212 00010 03513 11993 03515 22967 06516 33933 06017 44883 08522
55850 09018 66803 10520 77753 09013 88708 15518
31313 09608 81621
61616 NOAA3 0309A ISAIAS       OB 01
62626 MBL WND 05014 AEV 40101 DLM WND 08515 009708 WL150 03513 08
2 REL 2407N09247W 162120 SPG 2407N09249W 162502 =

