
917 
UZNT13 KNHC 091919
XXAA  59198 99288 70868 08186 99968 26007 08587 00793 ///// /////
92397 23202 11130 85135 20400 13628 70802 ///// 88999 77999
31313 09608 81838
61616 AF301 1409A ISAIAS             OB 14
62626 EYEWALL 045 MBL WND 10613 AEV 40100 DLM WND 13610 967706 WL
150 09599 079 REL 2880N08684W 183811 SPG 2889N08693W 184216 =
XXBB  59198 99288 70868 08186 00968 26007 11850 20400 22720 14401
21212 00968 08587 11963 09095 22960 09604 33954 09602 44941 10119
55937 10618 66932 11127 77925 11130 88917 11622 99912 12127 11906
12125 22899 12134 33885 12615 44879 12627 55874 12630 66860 13129
77856 13633 88850 13628 99706 16592
31313 09608 81838
61616 AF301 1409A ISAIAS             OB 14
62626 EYEWALL 045 MBL WND 10613 AEV 40100 DLM WND 13610 967706 WL
150 09599 079 REL 2880N08684W 183811 SPG 2889N08693W 184216 =
;

