
743 
UZNT13 KNHC 090721
XXAA  59078 99271 70897 08179 99002 26456 06041 00019 26256 06043
92702 21456 05557 85433 18456 05044 70081 ///// 88999 77999
31313 09608 80703
61616 AF307 1009A ISAIAS             OB 15
62626 MBL WND 05546 AEV 40100 DLM WND 04538 002709 WL150 05540 08
1 REL 2711N08975W 070357 SPG 2708N08978W 070748 =
XXBB  59078 99271 70897 08179 00002 26456 11937 21028 22910 21859
33850 18456 44777 16257 55704 11450
21212 00002 06041 11997 06044 22992 05037 33973 06043 44963 06052
55937 05553 66922 05557 77879 05045 88850 05044 99748 01521 11709
05013
31313 09608 80703
61616 AF307 1009A ISAIAS             OB 15
62626 MBL WND 05546 AEV 40100 DLM WND 04538 002709 WL150 05540 08
1 REL 2711N08975W 070357 SPG 2708N08978W 070748 =
;

