
091 
UZNT13 KWBC 081902
XXAA  58198 99240 70878 08147 99003 29234 17030 00029 28835 17033
92719 22809 18544 85456 19233 18552 70103 ///// 88999 77999
31313 09608 81849
61616 NOAA3 0809A ISAIAS       OB 24
62626 MBL WND 17040 AEV 40101 DLM WND 18047 003706 WL150 17037 08
0 REL 2397N08784W 184947 SPG 2402N08784W 185340 =
XXBB  58198 99240 70878 08147 00003 29234 11946 24214 22934 24437
33926 22809 44917 23437 55893 21827 66871 21056 77850 19233 88769
14216 99702 11038
21212 00003 17030 11989 17041 22974 17042 33965 17039 44938 18046
55927 18543 66850 18552 77706 18549
31313 09608 81849
61616 NOAA3 0809A ISAIAS       OB 24
62626 MBL WND 17040 AEV 40101 DLM WND 18047 003706 WL150 17037 08
0 REL 2397N08784W 184947 SPG 2402N08784W 185340 =

