AL, 09, 2026100418,   , BEST,   0, 220N,  965W,  15,    0, DB,   0,    ,    0,    0,    0,    0,    0,    0,   0,   0,   0,   L,   0,    ,   0,   0, GENESIS022,  ,  0,    ,    0,    0,    0,    0, genesis-num, 022, 
AL, 09, 2026100500,   , BEST,   0, 220N,  965W,  20,    0, DB,   0,    ,    0,    0,    0,    0,    0,    0,   0,   0,   0,   L,   0,    ,   0,   0, GENESIS022,  ,  0,    ,    0,    0,    0,    0, genesis-num, 022, 
AL, 09, 2026100506,   , BEST,   0, 220N,  965W,  25,    0, DB,   0,    ,    0,    0,    0,    0,    0,    0,   0,   0,   0,   L,   0,    ,   0,   0, GENESIS022,  ,  0,    ,    0,    0,    0,    0, genesis-num, 022, 
AL, 09, 2026100512,   , BEST,   0, 220N,  965W,  25, 1010, DB,   0,    ,    0,    0,    0,    0, 1011,   90,  40,   0,   0,   L,   0,    ,   0,   0,     INVEST, S,  0,    ,    0,    0,    0,    0, genesis-num, 022, SPAWNINVEST, al752026 to al922026, 
AL, 09, 2026100518,   , BEST,   0, 222N,  963W,  25, 1010, DB,   0,    ,    0,    0,    0,    0, 1011,   90,  40,   0,   0,   L,   0,    ,   0,   0,     INVEST, S,  0,    ,    0,    0,    0,    0, genesis-num, 022, 
AL, 09, 2026100600,   , BEST,   0, 223N,  961W,  25, 1009, DB,   0,    ,    0,    0,    0,    0, 1011,   90,  60,   0,   0,   L,   0,    ,   0,   0,     INVEST, S,  0,    ,    0,    0,    0,    0, genesis-num, 022, 
AL, 09, 2026100606,   , BEST,   0, 222N,  960W,  25, 1009, DB,   0,    ,    0,    0,    0,    0, 1011,   90,  60,   0,   0,   L,   0,    ,   0,   0,     INVEST, S,  0,    ,    0,    0,    0,    0, genesis-num, 022, 
AL, 09, 2026100612,   , BEST,   0, 220N,  960W,  25, 1008, DB,   0,    ,    0,    0,    0,    0, 1010,  120,  50,  35,   0,   L,   0,    ,   0,   0,     INVEST, S,  0,    ,    0,    0,    0,    0, genesis-num, 022, 
AL, 09, 2026100618,   , BEST,   0, 219N,  957W,  30, 1007, TD,   0,    ,    0,    0,    0,    0, 1010,  150,  40,  40,   0,   L,   0,    ,   0,   0,       NINE, S,  0,    ,    0,    0,    0,    0, genesis-num, 022, TRANSITIONED, alB22026 to al092026, 
AL, 09, 2026100700,   , BEST,   0, 218N,  953W,  30, 1006, TD,   0,    ,    0,    0,    0,    0, 1009,  150,  40,  40,   0,   L,   0,    ,   0,   0,       NINE, S,  0,    ,    0,    0,    0,    0, genesis-num, 022, 
AL, 09, 2026100706,   , BEST,   0, 218N,  945W,  35, 1004, TS,  34, NEQ,   40,    0,    0,   40, 1009,  180,  30,  45,   0,   L,   0,    ,   0,   0,     ISAIAS, M,  0,    ,    0,    0,    0,    0, genesis-num, 022, 
AL, 09, 2026100712,   , BEST,   0, 220N,  939W,  35, 1002, TS,  34, NEQ,   40,    0,   40,   40, 1009,  180,  30,  45,   0,   L,   0,    ,   0,   0,     ISAIAS, M,  0,    ,    0,    0,    0,    0, genesis-num, 022, 
